0 0
0 0
0 0
0 0
0 0
0 0
0 0
0 0
0 0
0 0
-0.0356003 -0.0356003
0.184495 0.0291076
-0.427417 0.100174
-0.26959 0.00518329
-0.428577 -0.124921
-0.437866 -0.0896178
0.0955826 0.0955826
0 0
0 0
0.0291076 0.184495
0.302821 0.302821
0.0489486 0.52117
-0.128295 0.238066
-0.32737 -0.310631
-0.459194 -0.459194
-0.0896178 -0.437866
0 0
0 0
0.100174 -0.427417
0.52117 0.0489486
0.467733 0.467733
0.243385 0.491706
0.0748479 0.0748479
-0.310631 -0.32737
-0.124921 -0.428577
0 0
0 0
0.00518329 -0.26959
0.238066 -0.128295
0.491706 0.243385
0.522905 0.522905
0.491706 0.243385
0.238066 -0.128295
0.00518328 -0.26959
0 0
0 0
-0.124921 -0.428577
-0.310631 -0.32737
0.0748479 0.0748479
0.243385 0.491706
0.467733 0.467733
0.52117 0.0489486
0.100174 -0.427417
0 0
0 0
-0.0896178 -0.437866
-0.459194 -0.459194
-0.32737 -0.310631
-0.128295 0.238066
0.0489486 0.52117
0.302821 0.302821
0.0291075 0.184495
0 0
0 0
0.0955825 0.0955825
-0.437866 -0.0896178
-0.428577 -0.124921
-0.26959 0.00518327
-0.427417 0.100174
0.184495 0.0291075
-0.0356004 -0.0356004
0 0
0 0
0 0
0 0
0 0
0 0
0 0
0 0
0 0
0 0
