0 0
0 0
0 0
0 0
0 0
0 0
0 0
0 0
0 0
0 0
0 0
0 0
0 0
0 0
0 0
0 0
0 0
0 0
0 0
0 0
0 0
0 0
0 0
0 0
0 0
0 0
0 0
0 0
0 0
0 0
0 0
0 0
0 0
0 0
0.000113621 0.000113644
0.000744862 0.000583977
-0.00548027 0.00146719
-0.007586 0.00347055
-0.0269974 0.00469207
-0.0324119 0.00654631
-0.0668472 0.00728316
-0.0724998 0.00856787
-0.118426 0.00839458
-0.120338 0.00869443
-0.170844 0.00753787
-0.165549 0.0068035
-0.212204 0.00484771
-0.197805 0.00321864
-0.232524 0.000831404
-0.209188 -0.00136235
-0.225851 -0.00371053
-0.195904 -0.00601799
-0.191621 -0.00783023
-0.159294 -0.0097338
-0.135214 -0.0105485
-0.106098 -0.011533
-0.0676977 -0.0110062
-0.0479199 -0.0106367
-0.00474947 -0.00852315
0.000300665 -0.00658396
0.0357909 -0.00313862
0.0235149 0.000102383
0.0382841 0.00481511
0.0154388 0.00711769
0.00696994 0.00696989
0 0
0 0
0.000583929 0.000744911
0.0026113 0.00261141
-0.000701544 0.0116335
-0.00716917 0.0168243
-0.0258427 0.0299265
-0.0455631 0.033472
-0.0812908 0.0461804
-0.112012 0.0451592
-0.159808 0.0541135
-0.19472 0.0475797
-0.245426 0.0507869
-0.27601 0.0395042
-0.319244 0.0363359
-0.337587 0.0222545
-0.364156 0.0133699
-0.364787 -0.000866328
-0.36866 -0.0136895
-0.34979 -0.0252373
-0.329453 -0.0393671
-0.293616 -0.0456302
-0.25274 -0.0579394
-0.206786 -0.0569582
-0.154134 -0.0643003
-0.108456 -0.0551107
-0.0568497 -0.0549834
-0.0237617 -0.0381156
0.0122474 -0.029994
0.0224666 -0.00869244
0.03214 0.00314971
0.01896 0.0189598
0.00711779 0.0154387
0 0
0 0
0.00146711 -0.00548019
0.0116333 -0.000701396
0.00930966 0.0093099
0.0140891 0.025179
-0.0086122 0.0409979
-0.017424 0.0586083
-0.0650752 0.0717767
-0.0869631 0.0839682
-0.154674 0.0892189
-0.183461 0.092058
-0.259943 0.0872465
-0.286975 0.0796536
-0.358159 0.0653447
-0.374964 0.0487105
-0.427309 0.0276113
-0.427691 0.00524542
-0.451064 -0.0184272
-0.432567 -0.0419087
-0.422423 -0.0631235
-0.387106 -0.0824972
-0.345779 -0.0961494
-0.300238 -0.106356
-0.237172 -0.108054
-0.191655 -0.10512
-0.122288 -0.0922432
-0.088667 -0.0747015
-0.0315005 -0.0481571
-0.0189047 -0.020016
0.0108893 0.0108891
0.00314991 0.0321398
0.00481523 0.038284
0 0
0 0
0.00347046 -0.00758589
0.0168241 -0.00716895
0.0251787 0.0140894
0.0326177 0.0326181
0.0236663 0.0670103
0.0123379 0.0879599
-0.0210094 0.12098
-0.0528826 0.133079
-0.107476 0.154574
-0.153905 0.151882
-0.219784 0.156381
-0.270355 0.137809
-0.334285 0.124255
-0.377357 0.0927353
-0.426172 0.0639479
-0.451651 0.025394
-0.475123 -0.0126989
-0.476694 -0.0505485
-0.469747 -0.0899103
-0.446368 -0.11873
-0.410394 -0.15045
-0.366889 -0.162624
-0.30997 -0.178426
-0.256503 -0.168508
-0.192259 -0.162799
-0.142336 -0.129589
-0.0869221 -0.102799
-0.0533317 -0.0533319
-0.0200158 -0.0189049
-0.00869224 0.0224665
0.000102499 0.0235149
0 0
0 0
0.00469195 -0.0269973
0.0299263 -0.0258424
0.0409975 -0.00861178
0.0670098 0.0236669
0.0598098 0.0598104
0.0697863 0.100664
0.0341338 0.135877
0.022817 0.168403
-0.0397597 0.189288
-0.0694775 0.203093
-0.149153 0.202827
-0.189232 0.193834
-0.271548 0.171578
-0.31167 0.141298
-0.381149 0.101276
-0.411324 0.055832
-0.454788 0.00615798
-0.467563 -0.0449874
-0.476862 -0.0937433
-0.468953 -0.139318
-0.442785 -0.17579
-0.415925 -0.20452
-0.360473 -0.218491
-0.321252 -0.221321
-0.249345 -0.206215
-0.20775 -0.179438
-0.136234 -0.136234
-0.102798 -0.0869221
-0.0481569 -0.0315006
-0.0299938 0.0122473
-0.00313853 0.0357909
0 0
0 0
0.00654617 -0.0324117
0.0334717 -0.0455628
0.0586079 -0.0174235
0.0879594 0.0123385
0.100663 0.069787
0.112506 0.112507
0.0997955 0.172279
0.0863624 0.206202
0.0464342 0.249072
0.00921325 0.260965
-0.0514128 0.275779
-0.104546 0.260478
-0.174188 0.243808
-0.231812 0.203247
-0.29674 0.158625
-0.346701 0.100512
-0.394137 0.037218
-0.426119 -0.026641
-0.446833 -0.0952711
-0.454457 -0.150956
-0.444662 -0.209704
-0.426834 -0.24347
-0.389095 -0.277936
-0.350344 -0.27893
-0.293258 -0.279001
-0.242872 -0.242872
-0.179438 -0.20775
-0.129589 -0.142336
-0.0747013 -0.0886669
-0.0381155 -0.0237616
-0.00658389 0.000300721
0 0
0 0
0.00728301 -0.0668469
0.0461801 -0.0812903
0.0717762 -0.0650746
0.120979 -0.0210087
0.135876 0.0341347
0.172278 0.0997966
0.161396 0.161397
0.173462 0.220738
0.133183 0.265959
0.118277 0.300616
0.0538235 0.316099
0.0161171 0.316953
-0.0613234 0.298271
-0.112995 0.264784
-0.189244 0.2155
-0.243696 0.154595
-0.304613 0.0848494
-0.350662 0.00927552
-0.384915 -0.0661429
-0.413543 -0.139999
-0.414798 -0.204095
-0.420852 -0.258948
-0.389073 -0.29551
-0.372262 -0.316562
-0.313912 -0.313912
-0.279 -0.293258
-0.206215 -0.249344
-0.162799 -0.192258
-0.092243 -0.122288
-0.0549833 -0.0568495
-0.00852311 -0.00474934
0 0
0 0
0.00856772 -0.0724996
0.0451589 -0.112011
0.0839678 -0.0869624
0.133078 -0.0528816
0.168402 0.0228181
0.206201 0.0863636
0.220737 0.173463
0.234106 0.234107
0.220607 0.304002
0.205257 0.34032
0.164724 0.374979
0.123571 0.375926
0.063292 0.367644
0.00464945 0.331768
-0.0639991 0.282515
-0.128558 0.216725
-0.192576 0.136859
-0.250574 0.0546459
-0.297832 -0.0391333
-0.338218 -0.120092
-0.359693 -0.207549
-0.374852 -0.268374
-0.366318 -0.329317
-0.353543 -0.353544
-0.316562 -0.372262
-0.27893 -0.350344
-0.221321 -0.321251
-0.168508 -0.256502
-0.10512 -0.191655
-0.0551107 -0.108455
-0.0106367 -0.0479197
0 0
0 0
0.00839443 -0.118425
0.0541132 -0.159808
0.0892185 -0.154673
0.154574 -0.107475
0.189287 -0.0397585
0.249071 0.0464356
0.265958 0.133185
0.304001 0.220608
0.29462 0.294622
0.302536 0.356861
0.266185 0.397545
0.242764 0.419225
0.185061 0.416812
0.135356 0.393226
0.0664883 0.348164
0.000338978 0.284441
-0.0670917 0.206186
-0.137037 0.115718
-0.190368 0.0207487
-0.250951 -0.0772204
-0.279719 -0.1682
-0.319607 -0.251816
-0.31747 -0.31747
-0.329317 -0.366318
-0.29551 -0.389073
-0.277935 -0.389095
-0.218491 -0.360473
-0.178426 -0.30997
-0.108054 -0.237172
-0.0643001 -0.154133
-0.0110061 -0.0676975
0 0
0 0
0.0086943 -0.120337
0.0475795 -0.19472
0.0920576 -0.18346
0.151881 -0.153904
0.203092 -0.0694761
0.260964 0.00921478
0.300615 0.118279
0.340319 0.205258
0.35686 0.302538
0.368795 0.368797
0.357289 0.429483
0.338499 0.457286
0.300277 0.468192
0.25409 0.450744
0.195917 0.410099
0.130916 0.350844
0.0635197 0.267356
-0.00814305 0.178552
-0.0720339 0.0695075
-0.136791 -0.0300626
-0.184678 -0.141746
-0.229935 -0.229936
-0.251815 -0.319607
-0.268373 -0.374852
-0.258947 -0.420852
-0.24347 -0.426834
-0.204519 -0.415925
-0.162623 -0.366889
-0.106356 -0.300237
-0.056958 -0.206785
-0.011533 -0.106097
0 0
0 0
0.00753776 -0.170844
0.0507867 -0.245425
0.0872461 -0.259942
0.15638 -0.219782
0.202827 -0.149152
0.275778 -0.0514111
0.316098 0.0538253
0.374978 0.164725
0.397544 0.266186
0.429481 0.357291
0.427796 0.427798
0.426061 0.47739
0.399126 0.50102
0.363686 0.498827
0.315808 0.470962
0.253009 0.417968
0.19288 0.344715
0.114209 0.252122
0.053367 0.148769
-0.026564 0.0358807
-0.0757207 -0.0757207
-0.141746 -0.184678
-0.1682 -0.279719
-0.207549 -0.359693
-0.204094 -0.414797
-0.209704 -0.444661
-0.175789 -0.442784
-0.15045 -0.410393
-0.096149 -0.345779
-0.0579391 -0.25274
-0.0105484 -0.135214
0 0
0 0
0.00680342 -0.165548
0.039504 -0.276009
0.0796534 -0.286974
0.137808 -0.270353
0.193834 -0.189231
0.260477 -0.104544
0.316952 0.016119
0.375925 0.123573
0.419224 0.242766
0.457284 0.338501
0.477389 0.426062
0.48607 0.486071
0.478018 0.523155
0.454841 0.534309
0.419423 0.513907
0.368178 0.474128
0.311715 0.400877
0.241745 0.318522
0.174992 0.207413
0.0995844 0.0995845
0.0358808 -0.0265637
-0.0300623 -0.136791
-0.0772199 -0.250951
-0.120092 -0.338217
-0.139998 -0.413542
-0.150955 -0.454457
-0.139317 -0.468953
-0.118729 -0.446368
-0.0824967 -0.387105
-0.0456298 -0.293616
-0.00973363 -0.159294
0 0
0 0
0.00484765 -0.212203
0.0363357 -0.319243
0.0653445 -0.358158
0.124255 -0.334284
0.171577 -0.271546
0.243807 -0.174186
0.298271 -0.0613214
0.367644 0.0632941
0.416811 0.185063
0.468192 0.300279
0.501019 0.399128
0.523154 0.478019
0.532207 0.532208
0.51973 0.558574
0.502591 0.557416
0.456927 0.526541
0.416667 0.470788
0.345765 0.389304
0.290455 0.290455
0.207413 0.174992
0.148769 0.0533674
0.0695078 -0.0720333
0.0207492 -0.190367
-0.0391328 -0.297832
-0.0661422 -0.384914
-0.0952704 -0.446832
-0.0937426 -0.476861
-0.0899096 -0.469746
-0.0631229 -0.422422
-0.0393667 -0.329453
-0.00783001 -0.191621
0 0
0 0
0.0032186 -0.197805
0.0222544 -0.337587
0.0487104 -0.374963
0.0927352 -0.377355
0.141298 -0.311668
0.203246 -0.23181
0.264784 -0.112993
0.331767 0.00465159
0.393226 0.135358
0.450744 0.254092
0.498826 0.363688
0.534308 0.454843
0.558574 0.519731
0.564019 0.56402
0.559015 0.571458
0.532539 0.560266
0.49886 0.509189
0.44507 0.44507
0.389304 0.345765
0.318522 0.241746
0.252122 0.114209
0.178553 -0.00814232
0.115718 -0.137037
0.0546464 -0.250574
0.00927614 -0.350661
-0.0266404 -0.426118
-0.0449867 -0.467562
-0.0505478 -0.476694
-0.0419081 -0.432567
-0.0252368 -0.349789
-0.00601774 -0.195904
0 0
0 0
0.000831393 -0.232524
0.0133699 -0.364156
0.0276112 -0.427307
0.0639479 -0.42617
0.101276 -0.381147
0.158625 -0.296738
0.2155 -0.189242
0.282515 -0.0639969
0.348163 0.0664904
0.410099 0.195919
0.470961 0.31581
0.513906 0.419424
0.557416 0.502592
0.571458 0.559015
0.588837 0.588837
0.570037 0.587169
0.55805 0.55805
0.509189 0.49886
0.470788 0.416667
0.400878 0.311716
0.344715 0.19288
0.267356 0.0635205
0.206186 -0.0670909
0.136859 -0.192575
0.0848499 -0.304613
0.0372186 -0.394137
0.00615866 -0.454788
-0.0126983 -0.475123
-0.0184266 -0.451064
-0.013689 -0.368659
-0.00371027 -0.225851
0 0
0 0
-0.00136234 -0.209188
-0.000866305 -0.364786
0.00524544 -0.42769
0.025394 -0.451649
0.0558321 -0.411322
0.100512 -0.346699
0.154595 -0.243694
0.216726 -0.128556
0.284441 0.000341141
0.350844 0.130918
0.417968 0.253011
0.474128 0.368179
0.526542 0.456929
0.560266 0.532539
0.587169 0.570038
0.591126 0.591126
0.58717 0.570038
0.560267 0.532539
0.526542 0.456928
0.474128 0.368178
0.417968 0.253009
0.350844 0.130916
0.284442 0.000339699
0.216726 -0.128557
0.154596 -0.243695
0.100512 -0.346701
0.0558326 -0.411323
0.0253945 -0.45165
0.00524593 -0.427691
-0.000865924 -0.364786
-0.00136213 -0.209188
0 0
0 0
-0.00371049 -0.225851
-0.0136894 -0.368659
-0.0184271 -0.451063
-0.0126988 -0.475122
0.00615817 -0.454786
0.0372182 -0.394135
0.0848496 -0.304611
0.136859 -0.192574
0.206186 -0.0670896
0.267356 0.0635217
0.344715 0.192882
0.400878 0.311717
0.470788 0.416668
0.50919 0.498861
0.558051 0.558051
0.570038 0.58717
0.588837 0.588837
0.571459 0.559015
0.557417 0.502591
0.513907 0.419423
0.470962 0.315808
0.410099 0.195918
0.348164 0.0664888
0.282516 -0.0639986
0.215501 -0.189244
0.158625 -0.296739
0.101277 -0.381148
0.0639483 -0.426171
0.0276117 -0.427308
0.0133702 -0.364156
0.000831568 -0.232524
0 0
0 0
-0.00601794 -0.195904
-0.0252372 -0.349789
-0.0419085 -0.432566
-0.0505482 -0.476693
-0.0449871 -0.467561
-0.0266407 -0.426117
0.00927596 -0.35066
0.0546464 -0.250572
0.115718 -0.137035
0.178553 -0.00814108
0.252122 0.114211
0.318523 0.241747
0.389305 0.345766
0.44507 0.44507
0.498861 0.50919
0.53254 0.560267
0.559016 0.571458
0.56402 0.564019
0.558575 0.519731
0.53431 0.454841
0.498828 0.363686
0.450745 0.25409
0.393226 0.135356
0.331768 0.00464978
0.264784 -0.112995
0.203247 -0.231812
0.141298 -0.31167
0.0927355 -0.377356
0.0487107 -0.374964
0.0222546 -0.337587
0.00321871 -0.197805
0 0
0 0
-0.00783016 -0.19162
-0.0393669 -0.329452
-0.0631233 -0.422422
-0.08991 -0.469745
-0.0937429 -0.47686
-0.0952706 -0.446831
-0.0661423 -0.384913
-0.0391326 -0.29783
0.0207495 -0.190366
0.0695084 -0.072032
0.14877 0.0533687
0.207414 0.174993
0.290457 0.290457
0.345766 0.389305
0.416668 0.470789
0.456929 0.526542
0.502592 0.557417
0.519732 0.558574
0.532208 0.532207
0.523156 0.478018
0.501021 0.399126
0.468193 0.300278
0.416812 0.185061
0.367645 0.0632921
0.298271 -0.0613233
0.243808 -0.174187
0.171578 -0.271548
0.124255 -0.334285
0.0653446 -0.358159
0.0363358 -0.319244
0.00484769 -0.212204
0 0
0 0
-0.00973371 -0.159294
-0.04563 -0.293615
-0.082497 -0.387105
-0.118729 -0.446367
-0.139317 -0.468952
-0.150955 -0.454455
-0.139998 -0.413541
-0.120092 -0.338216
-0.0772194 -0.250949
-0.0300615 -0.13679
0.035882 -0.0265624
0.0995859 0.0995858
0.174993 0.207414
0.241747 0.318523
0.311717 0.400878
0.36818 0.474128
0.419425 0.513907
0.454843 0.534309
0.47802 0.523155
0.486071 0.48607
0.47739 0.426061
0.457286 0.338499
0.419225 0.242764
0.375926 0.123571
0.316953 0.016117
0.260477 -0.104546
0.193834 -0.189232
0.137808 -0.270355
0.0796533 -0.286975
0.0395039 -0.27601
0.00680338 -0.165549
0 0
0 0
-0.0105484 -0.135214
-0.0579392 -0.25274
-0.096149 -0.345778
-0.15045 -0.410393
-0.175789 -0.442783
-0.209704 -0.44466
-0.204094 -0.414796
-0.207548 -0.359691
-0.168199 -0.279717
-0.141745 -0.184677
-0.0757192 -0.0757193
-0.0265621 0.0358821
0.0533691 0.14877
0.114211 0.252123
0.192882 0.344716
0.253011 0.417968
0.31581 0.470962
0.363688 0.498827
0.399128 0.50102
0.426062 0.477389
0.427798 0.427796
0.429483 0.357289
0.397545 0.266184
0.374978 0.164723
0.316098 0.0538232
0.275779 -0.0514132
0.202827 -0.149154
0.15638 -0.219784
0.087246 -0.259943
0.0507865 -0.245426
0.00753766 -0.170844
0 0
0 0
-0.0115329 -0.106097
-0.0569579 -0.206785
-0.106356 -0.300237
-0.162623 -0.366888
-0.204519 -0.415924
-0.24347 -0.426833
-0.258947 -0.420851
-0.268373 -0.374851
-0.251814 -0.319605
-0.229934 -0.229934
-0.184676 -0.141744
-0.136789 -0.0300612
-0.0720314 0.0695088
-0.00814035 0.178553
0.0635225 0.267357
0.130918 0.350844
0.19592 0.410099
0.254092 0.450744
0.300279 0.468192
0.338501 0.457285
0.35729 0.429481
0.368796 0.368795
0.356861 0.302536
0.34032 0.205256
0.300616 0.118277
0.260964 0.00921259
0.203092 -0.0694781
0.151881 -0.153905
0.0920573 -0.183461
0.0475792 -0.194721
0.00869415 -0.120338
0 0
0 0
-0.0110061 -0.0676975
-0.0643 -0.154133
-0.108054 -0.237171
-0.178426 -0.309969
-0.21849 -0.360472
-0.277935 -0.389094
-0.295509 -0.389071
-0.329316 -0.366316
-0.317469 -0.317469
-0.319605 -0.251814
-0.279717 -0.168198
-0.250949 -0.0772189
-0.190365 0.02075
-0.137035 0.115719
-0.0670887 0.206187
0.000341855 0.284442
0.066491 0.348164
0.135358 0.393226
0.185063 0.416811
0.242766 0.419224
0.266186 0.397544
0.302537 0.35686
0.294621 0.29462
0.304001 0.220606
0.265958 0.133182
0.249071 0.0464333
0.189287 -0.0397606
0.154573 -0.107477
0.0892181 -0.154675
0.0541129 -0.159809
0.00839425 -0.118426
0 0
0 0
-0.0106366 -0.0479197
-0.0551105 -0.108455
-0.10512 -0.191655
-0.168507 -0.256502
-0.22132 -0.321251
-0.278929 -0.350343
-0.316561 -0.372261
-0.353542 -0.353542
-0.366316 -0.329315
-0.37485 -0.268372
-0.359691 -0.207548
-0.338215 -0.120091
-0.29783 -0.039132
-0.250571 0.0546469
-0.192573 0.13686
-0.128555 0.216726
-0.0639964 0.282516
0.00465193 0.331767
0.0632942 0.367644
0.123573 0.375925
0.164725 0.374977
0.205258 0.340319
0.220608 0.304
0.234106 0.234105
0.220737 0.173461
0.206201 0.0863614
0.168402 0.022816
0.133078 -0.0528835
0.0839674 -0.086964
0.0451585 -0.112012
0.00856752 -0.0725001
0 0
0 0
-0.00852302 -0.00474927
-0.0549831 -0.0568493
-0.0922428 -0.122287
-0.162799 -0.192258
-0.206214 -0.249344
-0.279 -0.293257
-0.313911 -0.313911
-0.372261 -0.316561
-0.389071 -0.295509
-0.42085 -0.258946
-0.414795 -0.204093
-0.413541 -0.139997
-0.384912 -0.0661416
-0.350659 0.00927659
-0.30461 0.0848502
-0.243693 0.154596
-0.189242 0.2155
-0.112992 0.264784
-0.0613213 0.298271
0.0161189 0.316952
0.0538249 0.316098
0.118278 0.300615
0.133184 0.265957
0.173462 0.220736
0.161396 0.161395
0.172277 0.0997944
0.135876 0.0341327
0.120979 -0.0210105
0.0717758 -0.0650761
0.0461797 -0.0812914
0.00728282 -0.0668475
0 0
0 0
-0.00658384 0.000300818
-0.0381154 -0.0237614
-0.0747011 -0.0886666
-0.129588 -0.142336
-0.179437 -0.20775
-0.242872 -0.242872
-0.293257 -0.279
-0.350343 -0.278929
-0.389093 -0.277934
-0.426832 -0.243469
-0.44466 -0.209703
-0.454455 -0.150954
-0.446831 -0.0952699
-0.426116 -0.02664
-0.394135 0.0372189
-0.346699 0.100512
-0.296737 0.158625
-0.23181 0.203247
-0.174186 0.243807
-0.104544 0.260477
-0.0514116 0.275778
0.0092141 0.260963
0.0464347 0.24907
0.0863626 0.2062
0.0997954 0.172277
0.112505 0.112505
0.100663 0.0697851
0.0879589 0.0123369
0.0586075 -0.0174249
0.0334714 -0.0455637
0.00654601 -0.0324122
0 0
0 0
-0.00313853 0.035791
-0.0299938 0.0122476
-0.0481568 -0.0315002
-0.102798 -0.0869216
-0.136233 -0.136233
-0.20775 -0.179437
-0.249344 -0.206214
-0.32125 -0.22132
-0.360472 -0.21849
-0.415924 -0.204518
-0.442783 -0.175789
-0.468951 -0.139316
-0.476859 -0.0937422
-0.467561 -0.0449864
-0.454786 0.00615882
-0.411321 0.0558326
-0.381146 0.101277
-0.311668 0.141298
-0.271546 0.171577
-0.189231 0.193834
-0.149152 0.202826
-0.0694768 0.203091
-0.0397594 0.189286
0.022817 0.168401
0.0341336 0.135875
0.0697859 0.100662
0.0598094 0.0598088
0.0670094 0.0236654
0.0409972 -0.00861293
0.029926 -0.0258432
0.00469182 -0.0269977
0 0
0 0
0.000102465 0.023515
-0.00869228 0.0224668
-0.0200158 -0.0189045
-0.0533316 -0.0533314
-0.0869217 -0.102798
-0.142335 -0.129588
-0.192258 -0.162798
-0.256501 -0.168507
-0.309969 -0.178425
-0.366888 -0.162623
-0.410392 -0.150449
-0.446366 -0.118729
-0.469745 -0.0899093
-0.476692 -0.0505475
-0.475121 -0.0126981
-0.451649 0.0253946
-0.42617 0.0639483
-0.377355 0.0927354
-0.334284 0.124255
-0.270353 0.137808
-0.219783 0.15638
-0.153904 0.15188
-0.107476 0.154573
-0.0528826 0.133077
-0.0210097 0.120978
0.0123375 0.0879584
0.023666 0.0670089
0.0326174 0.032617
0.0251784 0.0140885
0.0168239 -0.00716957
0.00347037 -0.0075862
0 0
0 0
0.00481517 0.0382841
0.00314983 0.0321401
0.0108893 0.0108895
-0.0189046 -0.0200156
-0.0315002 -0.0481566
-0.0886665 -0.074701
-0.122287 -0.0922426
-0.191654 -0.10512
-0.237171 -0.108054
-0.300237 -0.106356
-0.345778 -0.0961486
-0.387104 -0.0824965
-0.422421 -0.0631227
-0.432566 -0.0419079
-0.451062 -0.0184265
-0.42769 0.00524597
-0.427307 0.0276116
-0.374963 0.0487106
-0.358158 0.0653444
-0.286974 0.0796531
-0.259942 0.0872456
-0.18346 0.0920569
-0.154674 0.0892177
-0.0869632 0.0839669
-0.0650755 0.0717754
-0.0174243 0.0586071
-0.00861253 0.0409968
0.0140888 0.0251781
0.00930946 0.00930924
0.0116332 -0.000701832
0.00146706 -0.00548041
0 0
0 0
0.00711773 0.0154388
0.0189599 0.0189601
0.0321399 0.00315002
0.0224667 -0.00869208
0.0122476 -0.0299936
-0.0237613 -0.0381153
-0.0568491 -0.054983
-0.108455 -0.0551104
-0.154133 -0.0642999
-0.206785 -0.0569578
-0.25274 -0.0579389
-0.293615 -0.0456296
-0.329452 -0.0393665
-0.349789 -0.0252367
-0.368659 -0.0136889
-0.364785 -0.000865902
-0.364155 0.0133702
-0.337586 0.0222546
-0.319243 0.0363357
-0.276009 0.0395038
-0.245426 0.0507863
-0.19472 0.0475789
-0.159808 0.0541126
-0.112012 0.0451583
-0.081291 0.0461795
-0.0455634 0.0334712
-0.0258429 0.0299258
-0.00716935 0.0168237
-0.000701674 0.0116331
0.00261124 0.00261113
0.000583898 0.000744773
0 0
0 0
0.00696991 0.00696996
0.0154387 0.00711782
0.038284 0.00481529
0.023515 0.000102572
0.035791 -0.00313842
0.000300879 -0.00658378
-0.00474914 -0.00852297
-0.0479195 -0.0106365
-0.0676973 -0.011006
-0.106097 -0.0115328
-0.135214 -0.0105483
-0.159294 -0.00973354
-0.19162 -0.00782994
-0.195904 -0.00601769
-0.225851 -0.00371024
-0.209188 -0.00136211
-0.232524 0.000831555
-0.197804 0.00321868
-0.212203 0.00484763
-0.165548 0.00680329
-0.170844 0.00753754
-0.120337 0.00869401
-0.118426 0.0083941
-0.0724999 0.00856737
-0.0668473 0.00728268
-0.032412 0.00654588
-0.0269975 0.0046917
-0.00758609 0.00347027
-0.00548033 0.00146698
0.000744829 0.000583844
0.000113601 0.000113578
0 0
0 0
0 0
0 0
0 0
0 0
0 0
0 0
0 0
0 0
0 0
0 0
0 0
0 0
0 0
0 0
0 0
0 0
0 0
0 0
0 0
0 0
0 0
0 0
0 0
0 0
0 0
0 0
0 0
0 0
0 0
0 0
0 0
0 0
