0 0
0 0
0 0
0 0
0 0
0 0
0 0
0 0
0 0
0 0
0 0
0 0
0 0
0 0
0 0
0 0
0 0
0 0
0 0
0 0
0 0
0 0
0 0
0 0
0 0
0 0
0 0
0 0
0 0
0 0
0 0
0 0
0 0
0 0
0 0
0 0
0 0
0 0
0 0
0 0
0 0
0 0
0 0
0 0
0 0
0 0
0 0
0 0
0 0
0 0
0 0
0 0
0 0
0 0
0 0
0 0
0 0
0 0
0 0
0 0
0 0
0 0
0 0
0 0
0 0
0 0
0.000334067 0.000334066
0.000135209 -1.5983e-05
-0.000385698 2.48757e-05
-0.000572709 0.000295422
-0.00198866 0.000413801
-0.00278812 0.000609317
-0.00579067 0.000764835
-0.00721059 0.00105831
-0.0120939 0.00120575
-0.0140913 0.00149536
-0.0209948 0.00161091
-0.0233665 0.00189583
-0.0322208 0.00195791
-0.0347001 0.00220761
-0.0452768 0.00220433
-0.0475536 0.00240502
-0.0594891 0.00233056
-0.061249 0.00246858
-0.0740798 0.00232328
-0.0750281 0.00239082
-0.0882229 0.00217997
-0.0881067 0.00217285
-0.101099 0.00190589
-0.099723 0.00182408
-0.111943 0.00151369
-0.109181 0.00136088
-0.120084 0.00102219
-0.115886 0.000805584
-0.12498 0.000455339
-0.119378 0.000185315
-0.126249 -0.00015887
-0.119355 -0.000469145
-0.123686 -0.000789537
-0.115692 -0.00112453
-0.117281 -0.00140394
-0.10845 -0.00174622
-0.107227 -0.00196864
-0.0978862 -0.0022994
-0.093918 -0.00245051
-0.0844501 -0.00275014
-0.0779481 -0.0028178
-0.0687761 -0.0030665
-0.0600965 -0.00304118
-0.0516701 -0.00321961
-0.041311 -0.00309473
-0.0340888 -0.00318488
-0.0226818 -0.00295727
-0.0171101 -0.00294356
-0.00540768 -0.0026139
-0.0018928 -0.00248488
0.00925328 -0.00205922
0.0103828 -0.00181044
0.0200543 -0.00130089
0.0186058 -0.000940188
0.0258779 -0.000374481
0.0218877 6.79956e-05
0.0259327 0.000653288
0.0198401 0.0011014
0.0201783 0.00157435
0.0130873 0.00187056
0.00998986 0.00217493
0.00452084 0.00184969
0.000775352 0.000775331
0 0
0 0
-1.59803e-05 0.000135207
0.000186968 0.000186962
1.46376e-05 0.000839896
-0.000562801 0.00134974
-0.00217143 0.00258827
-0.00417688 0.00323587
-0.00780124 0.00493237
-0.0117628 0.00556118
-0.0178808 0.00754432
-0.0239382 0.0079625
-0.0326078 0.0100705
-0.0406367 0.0101586
-0.0516618 0.0122393
-0.061304 0.0119187
-0.0742481 0.0138385
-0.0849831 0.0130791
-0.0992442 0.0147238
-0.110444 0.0135339
-0.125306 0.0148114
-0.136289 0.0132324
-0.150978 0.0140736
-0.161058 0.0121738
-0.174791 0.0125335
-0.183318 0.0104013
-0.195349 0.010259
-0.201747 0.00799715
-0.211405 0.00735677
-0.215204 0.00507641
-0.221931 0.00396616
-0.22279 0.00178138
-0.226168 0.000252521
-0.223897 -0.00172478
-0.223672 -0.00359943
-0.218244 -0.0052642
-0.214342 -0.0073925
-0.205899 -0.00865069
-0.198439 -0.0109238
-0.187297 -0.011696
-0.176593 -0.0139917
-0.163235 -0.0142159
-0.149794 -0.0164024
-0.134859 -0.0160369
-0.119375 -0.0179771
-0.103643 -0.017002
-0.0869748 -0.0185592
-0.0713434 -0.0169785
-0.0544958 -0.0180233
-0.039947 -0.0158672
-0.0240324 -0.0162868
-0.0115886 -0.0136158
0.00222318 -0.0133293
0.0115654 -0.0102421
0.0221252 -0.00922471
0.027494 -0.00587507
0.0337976 -0.00420277
0.0346187 -0.000835759
0.0360252 0.00123651
0.0322911 0.00420661
0.0288968 0.00607101
0.0217641 0.00789921
0.0151612 0.00836286
0.00768311 0.00768303
0.00184973 0.0045208
0 0
0 0
2.48813e-05 -0.000385703
0.000839909 1.46272e-05
0.000733973 0.000733954
0.00101496 0.00206207
-0.000942521 0.00370661
-0.00218698 0.00589881
-0.00706207 0.00808251
-0.0105404 0.0106881
-0.0190666 0.0130511
-0.025022 0.0157495
-0.0374276 0.0179651
-0.045742 0.0204479
-0.0618542 0.0222599
-0.0721089 0.0242954
-0.0914044 0.0255139
-0.102967 0.0269274
-0.124654 0.0274289
-0.136752 0.0281069
-0.159847 0.0278281
-0.171641 0.027712
-0.195041 0.0266446
-0.205687 0.0257268
-0.228244 0.023911
-0.236947 0.0222301
-0.257534 0.0197484
-0.263595 0.0173837
-0.281167 0.0143548
-0.284026 0.0114213
-0.297672 0.00799285
-0.296935 0.00463528
-0.30593 0.000977669
-0.301395 -0.00263547
-0.305237 -0.00633635
-0.296909 -0.0100191
-0.295347 -0.0135686
-0.283446 -0.0171242
-0.276508 -0.0203257
-0.261467 -0.0235529
-0.249466 -0.0262145
-0.231927 -0.0289146
-0.215465 -0.0308557
-0.19626 -0.0328395
-0.17622 -0.0338977
-0.156346 -0.0349928
-0.133875 -0.0350312
-0.114459 -0.0350913
-0.0909302 -0.0340071
-0.0731841 -0.0329238
-0.0501526 -0.0306615
-0.0353052 -0.0283819
-0.0144312 -0.0249534
-0.00363493 -0.0215094
0.0134254 -0.01703
0.0192347 -0.0125901
0.0310038 -0.00734282
0.031328 -0.00230794
0.0367935 0.00312286
0.0319046 0.00793365
0.0309832 0.0124337
0.02252 0.0154441
0.0168558 0.0168557
0.00836298 0.0151611
0.00217499 0.0099898
0 0
0 0
0.000295432 -0.000572717
0.00134976 -0.000562818
0.00206211 0.00101493
0.00270881 0.00270876
0.00190099 0.00615185
0.000506324 0.00904662
-0.00328421 0.0137618
-0.00774877 0.0171847
-0.0153486 0.0225525
-0.0233989 0.0259102
-0.0351244 0.0313559
-0.046775 0.0341481
-0.0624511 0.039183
-0.0773116 0.0410356
-0.0963746 0.0452655
-0.113735 0.0459251
-0.135316 0.0490523
-0.154238 0.0483806
-0.177258 0.0502014
-0.196664 0.0481642
-0.219916 0.0485647
-0.238667 0.0452201
-0.260904 0.0441712
-0.277877 0.0396571
-0.297881 0.0372086
-0.312031 0.0317302
-0.328686 0.0280043
-0.339108 0.0218206
-0.351456 0.017004
-0.357433 0.0104151
-0.364728 0.00475066
-0.365771 -0.00191571
-0.367521 -0.00813861
-0.363397 -0.0145404
-0.359394 -0.020996
-0.350151 -0.0267892
-0.340492 -0.033127
-0.326466 -0.0379783
-0.311564 -0.0438347
-0.293381 -0.0474332
-0.273962 -0.0524446
-0.252522 -0.0545134
-0.229612 -0.0583307
-0.206067 -0.058639
-0.180963 -0.0609439
-0.156682 -0.0593201
-0.130905 -0.0598465
-0.107414 -0.0561961
-0.0826509 -0.0547587
-0.0615526 -0.0490901
-0.039556 -0.0456281
-0.0224197 -0.0380955
-0.00487115 -0.0327441
0.0069387 -0.0237236
0.0186346 -0.0169328
0.0242098 -0.00715927
0.0292366 9.38335e-05
0.0284994 0.00927696
0.0270962 0.0151389
0.0213535 0.0213532
0.0154443 0.0225197
0.00789936 0.0217639
0.00187064 0.0130873
0 0
0 0
0.000413817 -0.00198867
0.0025883 -0.00217145
0.00370666 -0.000942562
0.00615192 0.00190093
0.00565848 0.0056584
0.0064026 0.0106617
0.00243987 0.0160613
0.000213716 0.0223252
-0.00836034 0.0284405
-0.0142307 0.0350691
-0.0279295 0.0410785
-0.0375666 0.0473142
-0.0563215 0.052538
-0.0693958 0.0577652
-0.0926541 0.0616825
-0.10848 0.0654416
-0.135301 0.0676872
-0.152936 0.0696664
-0.182093 0.0700232
-0.200435 0.0700517
-0.230516 0.0684396
-0.248387 0.0664762
-0.277891 0.0629397
-0.294119 0.0590618
-0.321545 0.0537565
-0.335039 0.0481468
-0.358971 0.0413251
-0.368778 0.0342586
-0.387963 0.0262545
-0.393326 0.0180837
-0.406736 0.00929709
-0.407135 0.000436667
-0.414029 -0.00868346
-0.409212 -0.0177729
-0.409174 -0.0267454
-0.399184 -0.0355741
-0.392159 -0.0439029
-0.377342 -0.0519696
-0.363652 -0.0591615
-0.344652 -0.0659711
-0.325004 -0.0715539
-0.302755 -0.0766366
-0.278222 -0.0801784
-0.253916 -0.0831104
-0.225918 -0.0842407
-0.200962 -0.0846693
-0.171208 -0.0831058
-0.147159 -0.0807812
-0.117579 -0.0763661
-0.0960557 -0.0711876
-0.0686893 -0.0639426
-0.0512404 -0.0560303
-0.0280832 -0.0462448
-0.0160086 -0.0360577
0.00121399 -0.0244387
0.00711909 -0.0129728
0.0172716 -0.000897024
0.0170716 0.00998482
0.0200529 0.0200525
0.0151392 0.0270958
0.0124339 0.0309829
0.0060712 0.0288967
0.00157445 0.0201782
0 0
0 0
0.000609341 -0.00278814
0.00323592 -0.00417691
0.00589889 -0.00218703
0.00904671 0.000506248
0.0106618 0.0064025
0.0119666 0.0119665
0.0104649 0.0205266
0.00827163 0.0276784
0.00230167 0.0376296
-0.00432518 0.0451567
-0.0154041 0.0553426
-0.0267707 0.0622164
-0.0429908 0.0716521
-0.0588613 0.0770557
-0.0797366 0.0849502
-0.099438 0.0882877
-0.124072 0.0940468
-0.146598 0.0949354
-0.173789 0.0981564
-0.197906 0.0964128
-0.22625 0.0968757
-0.250593 0.0924986
-0.278589 0.0901548
-0.301754 0.0833062
-0.327892 0.0782653
-0.348525 0.0692497
-0.371376 0.0617645
-0.388245 0.0510075
-0.406539 0.0414577
-0.418606 0.0294828
-0.4313 0.0183564
-0.437777 0.00576174
-0.444112 -0.00636549
-0.444505 -0.0189313
-0.444053 -0.0314173
-0.438198 -0.0432801
-0.430893 -0.0554401
-0.418978 -0.0659247
-0.405134 -0.0770562
-0.387702 -0.0855115
-0.368017 -0.0949212
-0.345961 -0.100746
-0.321503 -0.107779
-0.296039 -0.110449
-0.268213 -0.114525
-0.240837 -0.113624
-0.211329 -0.114276
-0.183749 -0.109541
-0.154448 -0.106474
-0.128487 -0.0978477
-0.10137 -0.0910204
-0.0788283 -0.0787417
-0.0557934 -0.0684913
-0.0382657 -0.0532362
-0.0209147 -0.0404742
-0.00953084 -0.0235859
0.00113223 -0.0101085
0.00603572 0.00603517
0.00998531 0.0170711
0.00927738 0.028499
0.00793398 0.0319043
0.00420683 0.0322909
0.00110151 0.01984
0 0
0 0
0.000764869 -0.00579069
0.00493244 -0.00780128
0.00808261 -0.00706213
0.0137619 -0.0032843
0.0160614 0.00243976
0.0205268 0.0104648
0.0195033 0.0195031
0.0208573 0.0300886
0.0148608 0.0408057
0.0119673 0.0523864
0.000134835 0.063314
-0.00748056 0.0745243
-0.0253265 0.0844322
-0.0375716 0.0941564
-0.0610194 0.102074
-0.0773417 0.109454
-0.105501 0.114672
-0.124993 0.119104
-0.156604 0.121166
-0.178107 0.122288
-0.211654 0.120974
-0.233859 0.118654
-0.267675 0.113963
-0.289213 0.108277
-0.321589 0.100407
-0.341119 0.0916212
-0.370399 0.0809464
-0.386687 0.0694935
-0.411357 0.0565402
-0.423344 0.0429963
-0.442116 0.0284167
-0.448976 0.0134746
-0.460855 -0.00198125
-0.462045 -0.0175402
-0.466385 -0.0330536
-0.46168 -0.048389
-0.458228 -0.0631033
-0.447743 -0.0773468
-0.436666 -0.0903992
-0.420863 -0.102688
-0.402758 -0.113243
-0.382443 -0.122753
-0.358325 -0.130039
-0.334619 -0.136028
-0.305893 -0.139378
-0.280189 -0.141225
-0.248596 -0.140126
-0.222491 -0.137398
-0.190022 -0.131556
-0.165221 -0.12408
-0.134 -0.113517
-0.112178 -0.101502
-0.0842988 -0.086693
-0.0669299 -0.0709033
-0.0442377 -0.0529965
-0.032359 -0.0350281
-0.0161757 -0.0161764
-0.0101079 0.00113164
-0.00089647 0.0172711
9.43011e-05 0.0292362
0.00312323 0.0367932
0.00123676 0.036025
0.000653417 0.0259326
0 0
0 0
0.00105835 -0.00721061
0.00556127 -0.0117629
0.0106882 -0.0105405
0.0171848 -0.00774887
0.0223254 0.000213594
0.0276785 0.00827149
0.0300888 0.0208572
0.0320693 0.0320692
0.0299052 0.0472169
0.0271099 0.0596396
0.0193305 0.0754877
0.0110897 0.0874447
-0.00263855 0.102403
-0.0163655 0.112533
-0.0357754 0.125312
-0.0545045 0.132581
-0.0788354 0.142195
-0.101666 0.145887
-0.129774 0.151653
-0.155497 0.151359
-0.185962 0.152879
-0.213162 0.148473
-0.2444 0.145622
-0.271557 0.137239
-0.301917 0.130143
-0.327502 0.118147
-0.355366 0.107165
-0.377928 0.0921241
-0.4018 0.0778158
-0.420049 0.0604679
-0.438635 0.0435703
-0.451506 0.0247886
-0.463784 0.00618164
-0.470502 -0.0130614
-0.475779 -0.0323886
-0.475902 -0.0510592
-0.473859 -0.0700465
-0.467311 -0.0870885
-0.45803 -0.104645
-0.445119 -0.119021
-0.429092 -0.134069
-0.410509 -0.144803
-0.388634 -0.156326
-0.36543 -0.162551
-0.338979 -0.16965
-0.312531 -0.170661
-0.283096 -0.17262
-0.255034 -0.167944
-0.224449 -0.164319
-0.196563 -0.153805
-0.166789 -0.144542
-0.1409 -0.128491
-0.113869 -0.114096
-0.0916591 -0.0934531
-0.0690846 -0.0752438
-0.051888 -0.0518888
-0.0350273 -0.0323597
-0.0235853 -0.00953145
-0.0129722 0.00711856
-0.00715875 0.0242094
-0.00230753 0.0313277
-0.000835479 0.0346185
6.81391e-05 0.0218876
0 0
0 0
0.0012058 -0.0120939
0.00754442 -0.0178808
0.0130512 -0.0190667
0.0225526 -0.0153487
0.0284407 -0.00836047
0.0376298 0.00230153
0.0408059 0.0148607
0.0472171 0.029905
0.0455575 0.0455574
0.0475742 0.0626197
0.0398222 0.0791569
0.0365703 0.096181
0.0222297 0.111732
0.0134722 0.127012
-0.00729928 0.140073
-0.0212648 0.152269
-0.0477639 0.161705
-0.066209 0.16984
-0.0972977 0.174875
-0.119165 0.178324
-0.153381 0.178525
-0.177384 0.176993
-0.213054 0.17225
-0.237773 0.165754
-0.273118 0.156253
-0.297093 0.145092
-0.330333 0.131283
-0.352151 0.11601
-0.381603 0.0985806
-0.399973 0.0799713
-0.42414 0.059805
-0.437967 0.038817
-0.455618 0.0169579
-0.46406 -0.00530672
-0.474294 -0.0276979
-0.476813 -0.0500364
-0.479114 -0.0717268
-0.475509 -0.0928822
-0.469781 -0.112614
-0.460209 -0.131325
-0.446793 -0.147867
-0.431771 -0.162921
-0.411448 -0.175124
-0.391839 -0.185416
-0.365799 -0.192277
-0.342776 -0.19688
-0.312572 -0.197614
-0.287559 -0.195866
-0.25503 -0.190003
-0.229614 -0.181619
-0.196774 -0.169133
-0.172589 -0.154354
-0.141488 -0.135847
-0.120073 -0.115665
-0.0926172 -0.0926181
-0.075243 -0.0690854
-0.0529957 -0.0442384
-0.0404734 -0.0209153
-0.024438 0.00121346
-0.0169322 0.0186342
-0.00734238 0.0310034
-0.00420246 0.0337973
-0.000374326 0.0258778
0 0
0 0
0.00149542 -0.0140913
0.00796261 -0.0239383
0.0157496 -0.0250221
0.0259104 -0.023399
0.0350693 -0.0142308
0.045157 -0.00432531
0.0523866 0.0119672
0.0596398 0.0271097
0.0626199 0.0475741
0.0651853 0.0651852
0.0624708 0.0871794
0.0592826 0.104866
0.0501847 0.126125
0.0408596 0.141912
0.0253424 0.160577
0.0100765 0.17292
-0.0113474 0.187545
-0.0318798 0.195326
-0.0582537 0.204874
-0.0830019 0.207385
-0.11303 0.211211
-0.140668 0.20813
-0.172821 0.205967
-0.201846 0.197333
-0.234461 0.189264
-0.263292 0.175442
-0.294674 0.161876
-0.321741 0.143523
-0.350258 0.125157
-0.374091 0.103181
-0.398258 0.0809683
-0.417563 0.0564839
-0.436122 0.0315856
-0.449852 0.00586661
-0.461838 -0.0203922
-0.469246 -0.0459638
-0.474044 -0.0721476
-0.47473 -0.0961355
-0.472106 -0.120755
-0.466046 -0.141726
-0.456177 -0.1633
-0.44373 -0.179886
-0.4272 -0.197009
-0.409104 -0.207973
-0.386888 -0.219395
-0.364226 -0.223711
-0.337649 -0.228427
-0.311799 -0.225374
-0.282462 -0.22274
-0.255018 -0.21202
-0.224712 -0.201905
-0.197377 -0.183809
-0.167958 -0.166791
-0.142421 -0.142422
-0.115664 -0.120074
-0.0934523 -0.0916599
-0.0709025 -0.0669305
-0.0532355 -0.0382664
-0.036057 -0.0160091
-0.023723 0.00693827
-0.0125897 0.0192344
-0.00587474 0.0274937
-0.000940024 0.0186057
0 0
0 0
0.00161098 -0.0209948
0.0100706 -0.0326078
0.0179653 -0.0374276
0.0313561 -0.0351245
0.0410787 -0.0279296
0.0553429 -0.0154042
0.0633142 0.000134738
0.0754879 0.0193304
0.0791571 0.0398221
0.0871795 0.0624707
0.0849092 0.0849091
0.087497 0.108208
0.0784404 0.130032
0.0749837 0.151635
0.0589809 0.170751
0.0494474 0.18878
0.0269226 0.203567
0.0117639 0.21661
-0.016377 0.225909
-0.0363177 0.233008
-0.0687905 0.236106
-0.0923712 0.236738
-0.127618 0.233345
-0.153489 0.227397
-0.189783 0.217616
-0.216479 0.205355
-0.252025 0.189651
-0.278049 0.17169
-0.311085 0.150851
-0.334993 0.128109
-0.363881 0.1032
-0.384359 0.076855
-0.407669 0.0491726
-0.423602 0.0206118
-0.440187 -0.00837311
-0.450715 -0.0376095
-0.45977 -0.0663081
-0.464338 -0.0945885
-0.46545 -0.121358
-0.463837 -0.147025
-0.457009 -0.170238
-0.44935 -0.191682
-0.435012 -0.209799
-0.421794 -0.225537
-0.40079 -0.237193
-0.382831 -0.245963
-0.356384 -0.250068
-0.334794 -0.250935
-0.30445 -0.246794
-0.280568 -0.239294
-0.248106 -0.226758
-0.223417 -0.211075
-0.190751 -0.190752
-0.16679 -0.167958
-0.135846 -0.141488
-0.114095 -0.11387
-0.0866921 -0.0842994
-0.0684905 -0.055794
-0.0462441 -0.0280837
-0.0327435 -0.00487155
-0.0170295 0.0134251
-0.00922437 0.022125
-0.00130072 0.0200542
0 0
0 0
0.00189589 -0.0233666
0.0101587 -0.0406367
0.0204481 -0.045742
0.0341483 -0.0467751
0.0473144 -0.0375667
0.0622167 -0.0267708
0.0745245 -0.00748062
0.0874449 0.0110896
0.0961811 0.0365702
0.104866 0.0592826
0.108208 0.087497
0.111207 0.111207
0.108103 0.139183
0.104663 0.161266
0.0947296 0.186537
0.0847037 0.204896
0.0681354 0.22551
0.0518917 0.23857
0.0293663 0.253078
0.00769869 0.259771
-0.0197156 0.267222
-0.0456771 0.266962
-0.0766167 0.266877
-0.105497 0.259536
-0.138399 0.251887
-0.168671 0.237756
-0.201866 0.222935
-0.231936 0.202689
-0.263744 0.181465
-0.292044 0.156115
-0.320861 0.129598
-0.345925 0.100438
-0.370306 0.0700181
-0.390849 0.038572
-0.409579 0.00586714
-0.424561 -0.0261778
-0.436721 -0.0593896
-0.445399 -0.0902482
-0.450411 -0.122101
-0.452383 -0.149964
-0.450045 -0.178582
-0.44527 -0.201695
-0.435773 -0.225282
-0.424581 -0.242034
-0.408503 -0.258969
-0.391584 -0.26799
-0.369869 -0.276947
-0.348236 -0.277224
-0.322147 -0.277303
-0.297092 -0.268326
-0.268149 -0.259229
-0.241172 -0.241173
-0.211074 -0.223418
-0.183808 -0.197378
-0.154354 -0.17259
-0.12849 -0.1409
-0.101501 -0.112179
-0.0787409 -0.0788288
-0.0560296 -0.0512408
-0.0380949 -0.02242
-0.0215089 -0.0036352
-0.0102417 0.0115652
-0.00181027 0.0103827
0 0
0 0
0.00195797 -0.0322208
0.0122394 -0.0516618
0.02226 -0.0618542
0.0391832 -0.0624512
0.0525382 -0.0563215
0.0716523 -0.0429909
0.0844325 -0.0253265
0.102403 -0.00263854
0.111733 0.0222297
0.126125 0.0501847
0.130032 0.0784404
0.139183 0.108103
0.136478 0.136478
0.139398 0.164842
0.129577 0.190631
0.125868 0.21525
0.109022 0.236311
0.0987974 0.255297
0.0755249 0.270039
0.0593339 0.28205
0.0306495 0.28942
0.00939812 0.29364
-0.0233572 0.293102
-0.0484873 0.289219
-0.0837409 0.280723
-0.111374 0.268898
-0.147417 0.252846
-0.176067 0.233679
-0.211145 0.210885
-0.239296 0.185364
-0.271706 0.157004
-0.297891 0.126462
-0.326062 0.0940167
-0.348935 0.0600636
-0.371507 0.0252578
-0.389913 -0.0102814
-0.405808 -0.0455512
-0.418838 -0.080712
-0.427308 -0.114454
-0.434345 -0.147214
-0.435018 -0.177427
-0.435768 -0.205793
-0.428668 -0.230557
-0.423179 -0.252669
-0.40873 -0.270253
-0.397391 -0.284491
-0.376403 -0.293466
-0.359929 -0.298586
-0.333565 -0.297972
-0.312965 -0.293257
-0.282692 -0.282693
-0.259228 -0.268149
-0.226757 -0.248107
-0.201904 -0.224713
-0.169133 -0.196774
-0.144542 -0.16679
-0.113516 -0.134
-0.0910196 -0.10137
-0.0639418 -0.0686897
-0.0456275 -0.0395563
-0.0249528 -0.0144315
-0.013329 0.00222301
-0.00205905 0.0092532
0 0
0 0
0.00220767 -0.0347001
0.0119189 -0.061304
0.0242956 -0.0721089
0.0410358 -0.0773116
0.0577655 -0.0693958
0.0770559 -0.0588613
0.0941566 -0.0375715
0.112534 -0.0163654
0.127012 0.0134723
0.141912 0.0408597
0.151635 0.0749838
0.161266 0.104663
0.164842 0.139398
0.168091 0.168091
0.164782 0.200357
0.161138 0.225398
0.150783 0.252711
0.140261 0.272036
0.123201 0.292505
0.106272 0.304637
0.0832708 0.316951
0.0607886 0.320984
0.0329566 0.324392
0.00607901 0.319959
-0.0252118 0.314253
-0.055102 0.301496
-0.0883023 0.286974
-0.11968 0.266506
-0.153149 0.243935
-0.184428 0.216786
-0.216521 0.187353
-0.246137 0.154922
-0.275283 0.120177
-0.301767 0.0841605
-0.32655 0.0459472
-0.348605 0.00827464
-0.367828 -0.0313435
-0.384387 -0.0685934
-0.397133 -0.107419
-0.407412 -0.142103
-0.413088 -0.1779
-0.416624 -0.207905
-0.414995 -0.238501
-0.411673 -0.261848
-0.402872 -0.285252
-0.392932 -0.300216
-0.377463 -0.31475
-0.361498 -0.319988
-0.34022 -0.324441
-0.319155 -0.319155
-0.293256 -0.312965
-0.268326 -0.297093
-0.239293 -0.280569
-0.212019 -0.255018
-0.181618 -0.229614
-0.153804 -0.196564
-0.124079 -0.165221
-0.0978468 -0.128487
-0.0711868 -0.0960561
-0.0490894 -0.0615528
-0.0283814 -0.0353054
-0.0136154 -0.0115887
-0.0024847 -0.00189286
0 0
0 0
0.00220439 -0.0452768
0.0138386 -0.0742481
0.0255141 -0.0914044
0.0452657 -0.0963746
0.0616827 -0.092654
0.0849504 -0.0797365
0.102074 -0.0610193
0.125312 -0.0357753
0.140073 -0.00729917
0.160577 0.0253425
0.170751 0.0589811
0.186537 0.0947297
0.190631 0.129578
0.200357 0.164782
0.197528 0.197528
0.200425 0.229174
0.190406 0.257142
0.186221 0.282845
0.169256 0.303986
0.158194 0.321983
0.134966 0.334861
0.117629 0.343993
0.0891825 0.347765
0.0665082 0.347459
0.0341759 0.341851
0.00736434 0.332089
-0.0273175 0.317365
-0.0568748 0.298649
-0.0922505 0.275567
-0.123046 0.248879
-0.157426 0.218639
-0.187914 0.185379
-0.219654 0.149568
-0.248325 0.111492
-0.275912 0.0720121
-0.301363 0.0311573
-0.323479 -0.00985581
-0.344481 -0.0512537
-0.36007 -0.0915167
-0.375624 -0.131119
-0.383941 -0.168299
-0.393328 -0.203767
-0.393978 -0.23559
-0.396789 -0.264698
-0.389748 -0.289068
-0.385915 -0.309835
-0.371541 -0.324966
-0.361342 -0.335795
-0.34037 -0.34037
-0.324441 -0.34022
-0.297972 -0.333566
-0.277302 -0.322147
-0.246793 -0.304451
-0.222739 -0.282463
-0.190002 -0.255031
-0.164318 -0.22445
-0.131555 -0.190022
-0.106473 -0.154449
-0.0763654 -0.117579
-0.0547581 -0.0826511
-0.030661 -0.0501527
-0.0162864 -0.0240325
-0.00261373 -0.00540773
0 0
0 0
0.00240507 -0.0475536
0.0130792 -0.0849831
0.0269275 -0.102967
0.0459252 -0.113735
0.0654418 -0.10848
0.0882879 -0.0994379
0.109454 -0.0773416
0.132581 -0.0545044
0.15227 -0.0212646
0.17292 0.0100767
0.18878 0.0494476
0.204896 0.0847039
0.21525 0.125868
0.225397 0.161138
0.229174 0.200425
0.232483 0.232483
0.229158 0.266883
0.225274 0.293168
0.214819 0.32033
0.203851 0.33893
0.186677 0.357148
0.169146 0.366787
0.146044 0.374991
0.122822 0.375005
0.0948963 0.372739
0.0671412 0.363047
0.0357409 0.350445
0.00482989 0.331512
-0.0285286 0.309255
-0.0610754 0.28205
-0.0947847 0.25132
-0.127379 0.217252
-0.159819 0.179672
-0.190883 0.140529
-0.220497 0.0980877
-0.248532 0.0559589
-0.2739 0.0109306
-0.29756 -0.0318828
-0.317463 -0.0770341
-0.335614 -0.118113
-0.349091 -0.16084
-0.360865 -0.197756
-0.367259 -0.235545
-0.372097 -0.265976
-0.37109 -0.296474
-0.368773 -0.318335
-0.360411 -0.339499
-0.351085 -0.351086
-0.335795 -0.361343
-0.319987 -0.361498
-0.298585 -0.359929
-0.277223 -0.348237
-0.250935 -0.334795
-0.225373 -0.311799
-0.195865 -0.28756
-0.167943 -0.255034
-0.137397 -0.222492
-0.10954 -0.183749
-0.0807805 -0.14716
-0.0561955 -0.107414
-0.0329233 -0.0731842
-0.0158669 -0.0399471
-0.00294339 -0.0171102
0 0
0 0
0.00233059 -0.0594891
0.0147239 -0.0992442
0.027429 -0.124654
0.0490524 -0.135316
0.0676873 -0.135301
0.0940469 -0.124072
0.114672 -0.105501
0.142195 -0.0788352
0.161705 -0.0477638
0.187545 -0.0113472
0.203567 0.0269227
0.22551 0.0681356
0.236311 0.109023
0.252711 0.150783
0.257142 0.190406
0.266883 0.229158
0.264324 0.264324
0.266783 0.297191
0.257101 0.325385
0.252115 0.350167
0.235618 0.36954
0.223442 0.384699
0.200826 0.394059
0.182094 0.398705
0.15438 0.397493
0.130048 0.391364
0.0985229 0.379628
0.0698103 0.363054
0.0359517 0.341415
0.00427676 0.31528
-0.0303199 0.284877
-0.0634117 0.250563
-0.0971101 0.212998
-0.130019 0.172317
-0.161218 0.129581
-0.192363 0.0847001
-0.219569 0.0390877
-0.247459 -0.00756442
-0.269354 -0.0535496
-0.292657 -0.099383
-0.308161 -0.143135
-0.325762 -0.185513
-0.334082 -0.224443
-0.34514 -0.260808
-0.345812 -0.292473
-0.349806 -0.320482
-0.34273 -0.34273
-0.339499 -0.360411
-0.324966 -0.371541
-0.31475 -0.377463
-0.293466 -0.376404
-0.276946 -0.369869
-0.250068 -0.356385
-0.228426 -0.337649
-0.197613 -0.312573
-0.172619 -0.283096
-0.140125 -0.248596
-0.114275 -0.211329
-0.0831051 -0.171208
-0.0598459 -0.130906
-0.0340066 -0.0909303
-0.018023 -0.0544958
-0.00295711 -0.0226819
0 0
0 0
0.0024686 -0.061249
0.0135339 -0.110444
0.0281069 -0.136752
0.0483807 -0.154238
0.0696665 -0.152936
0.0949355 -0.146598
0.119104 -0.124993
0.145887 -0.101666
0.169841 -0.0662088
0.195326 -0.0318796
0.21661 0.0117641
0.23857 0.0518918
0.255297 0.0987976
0.272035 0.140261
0.282845 0.186221
0.293168 0.225274
0.297191 0.266783
0.30038 0.300381
0.297213 0.334632
0.293001 0.360419
0.282672 0.3853
0.271211 0.401601
0.254148 0.415682
0.235974 0.421486
0.212956 0.424015
0.18894 0.418953
0.161045 0.409828
0.132343 0.394145
0.100887 0.373883
0.0688757 0.348394
0.0353493 0.318085
0.00155855 0.284124
-0.0324479 0.245373
-0.066405 0.204726
-0.099272 0.159578
-0.131773 0.114404
-0.161926 0.0652593
-0.191412 0.018
-0.217389 -0.0324883
-0.242435 -0.0792093
-0.262957 -0.128247
-0.282334 -0.171741
-0.296361 -0.216519
-0.3091 -0.254155
-0.315889 -0.291988
-0.321331 -0.321332
-0.320482 -0.349806
-0.318334 -0.368773
-0.309834 -0.385915
-0.300215 -0.392932
-0.284491 -0.397391
-0.267989 -0.391584
-0.245962 -0.382831
-0.22371 -0.364226
-0.196879 -0.342776
-0.17066 -0.312531
-0.141225 -0.280189
-0.113624 -0.240837
-0.0846687 -0.200962
-0.0593196 -0.156682
-0.0350909 -0.114459
-0.0169782 -0.0713434
-0.00318473 -0.0340888
0 0
0 0
0.00232329 -0.0740798
0.0148114 -0.125306
0.0278282 -0.159846
0.0502015 -0.177258
0.0700232 -0.182093
0.0981565 -0.173788
0.121166 -0.156604
0.151653 -0.129774
0.174875 -0.0972975
0.204874 -0.0582535
0.225909 -0.0163768
0.253078 0.0293665
0.270039 0.0755251
0.292505 0.123201
0.303986 0.169257
0.32033 0.214819
0.325384 0.257101
0.334632 0.297213
0.332756 0.332756
0.334372 0.364782
0.325479 0.391318
0.319354 0.413323
0.303751 0.429278
0.290173 0.440018
0.268521 0.444501
0.248148 0.443409
0.22142 0.436189
0.195234 0.423355
0.164657 0.404836
0.133913 0.380963
0.10091 0.352138
0.0670712 0.318502
0.0331934 0.280897
-0.00213162 0.239275
-0.0352757 0.194877
-0.0704079 0.147474
-0.101223 0.0986478
-0.134487 0.0480012
-0.161463 -0.00260951
-0.191259 -0.0537352
-0.213037 -0.103321
-0.237919 -0.152053
-0.253355 -0.197762
-0.272097 -0.241251
-0.280325 -0.280325
-0.291987 -0.315889
-0.292473 -0.345812
-0.296474 -0.37109
-0.289067 -0.389749
-0.285252 -0.402872
-0.270252 -0.40873
-0.258968 -0.408504
-0.237193 -0.40079
-0.219394 -0.386888
-0.192276 -0.365799
-0.169649 -0.338979
-0.139377 -0.305893
-0.114524 -0.268213
-0.08424 -0.225918
-0.0609434 -0.180963
-0.0350308 -0.133875
-0.018559 -0.0869748
-0.0030946 -0.0413109
0 0
0 0
0.00239082 -0.0750281
0.0132324 -0.136289
0.027712 -0.171641
0.0481642 -0.196663
0.0700517 -0.200435
0.0964128 -0.197906
0.122288 -0.178107
0.151359 -0.155496
0.178324 -0.119165
0.207385 -0.0830017
0.233008 -0.0363175
0.259771 0.00769886
0.28205 0.059334
0.304637 0.106272
0.321983 0.158194
0.33893 0.203851
0.350167 0.252115
0.360419 0.293001
0.364782 0.334373
0.367701 0.367701
0.364832 0.399663
0.360189 0.423348
0.350127 0.444095
0.338089 0.456746
0.321245 0.465187
0.30235 0.466096
0.279476 0.461836
0.254598 0.450959
0.226745 0.43428
0.197045 0.412201
0.16551 0.384019
0.132383 0.351908
0.0986485 0.313721
0.0636579 0.273268
0.0293244 0.227084
-0.00586518 0.180429
-0.0391483 0.128682
-0.0728462 0.0783209
-0.103454 0.0237686
-0.134017 -0.0275511
-0.16042 -0.0819427
-0.186329 -0.131337
-0.207167 -0.182522
-0.227099 -0.2271
-0.241251 -0.272097
-0.254155 -0.3091
-0.260807 -0.34514
-0.265975 -0.372097
-0.264698 -0.396789
-0.261848 -0.411673
-0.252669 -0.423179
-0.242033 -0.424581
-0.225536 -0.421794
-0.207972 -0.409104
-0.185415 -0.391839
-0.16255 -0.36543
-0.136027 -0.334619
-0.110448 -0.296039
-0.0831099 -0.253916
-0.0586385 -0.206067
-0.0349924 -0.156346
-0.0170017 -0.103643
-0.00321949 -0.0516701
0 0
0 0
0.00217996 -0.0882229
0.0140736 -0.150978
0.0266446 -0.195041
0.0485647 -0.219916
0.0684395 -0.230516
0.0968757 -0.22625
0.120974 -0.211653
0.152879 -0.185962
0.178525 -0.153381
0.211211 -0.11303
0.236106 -0.0687903
0.267222 -0.0197154
0.28942 0.0306496
0.316951 0.0832709
0.334861 0.134966
0.357148 0.186678
0.36954 0.235618
0.3853 0.282672
0.391318 0.325479
0.399662 0.364832
0.398831 0.398831
0.399279 0.428149
0.391499 0.451373
0.383975 0.469036
0.369514 0.480225
0.354339 0.485322
0.333807 0.483917
0.311671 0.476232
0.285985 0.462353
0.257912 0.44234
0.228252 0.416754
0.19555 0.385497
0.163303 0.349566
0.127505 0.308717
0.0942068 0.264336
0.057003 0.216047
0.0242676 0.165558
-0.0125687 0.112385
-0.0431168 0.0584853
-0.0778067 0.00328491
-0.104607 -0.0510886
-0.135447 -0.105278
-0.157074 -0.157074
-0.182522 -0.207167
-0.197762 -0.253355
-0.216519 -0.296361
-0.224443 -0.334082
-0.235544 -0.367259
-0.235589 -0.393978
-0.2385 -0.414995
-0.230557 -0.428668
-0.225281 -0.435772
-0.209798 -0.435012
-0.197008 -0.4272
-0.175124 -0.411448
-0.156325 -0.388634
-0.130039 -0.358325
-0.107779 -0.321503
-0.0801779 -0.278222
-0.0583303 -0.229612
-0.0338974 -0.17622
-0.0179769 -0.119375
-0.00304108 -0.0600965
0 0
0 0
0.00217283 -0.0881067
0.0121737 -0.161058
0.0257268 -0.205687
0.04522 -0.238667
0.0664762 -0.248387
0.0924986 -0.250593
0.118654 -0.233858
0.148473 -0.213162
0.176993 -0.177384
0.20813 -0.140668
0.236738 -0.0923711
0.266962 -0.045677
0.29364 0.00939824
0.320984 0.0607887
0.343993 0.117629
0.366787 0.169146
0.384699 0.223443
0.401601 0.271211
0.413323 0.319354
0.423348 0.360189
0.428149 0.399279
0.430693 0.430693
0.428218 0.458547
0.423065 0.478754
0.413334 0.493918
0.400658 0.501836
0.384059 0.503581
0.364404 0.498822
0.341667 0.487133
0.315921 0.469983
0.288084 0.445526
0.257434 0.416912
0.225795 0.380994
0.191675 0.342426
0.157735 0.29693
0.121765 0.250435
0.0871613 0.197737
0.0510756 0.145776
0.0175123 0.0886505
-0.0169171 0.0340139
-0.0477454 -0.0244836
-0.0787898 -0.0787897
-0.105278 -0.135447
-0.131336 -0.186329
-0.152053 -0.237919
-0.17174 -0.282334
-0.185513 -0.325762
-0.197756 -0.360865
-0.203766 -0.393328
-0.207904 -0.416624
-0.205792 -0.435768
-0.201694 -0.445269
-0.191681 -0.44935
-0.179885 -0.44373
-0.16292 -0.431771
-0.144802 -0.410509
-0.122753 -0.382443
-0.100745 -0.345961
-0.0766362 -0.302755
-0.0545131 -0.252522
-0.0328392 -0.19626
-0.0160367 -0.134859
-0.00306641 -0.068776
0 0
0 0
0.00190586 -0.101099
0.0125334 -0.174791
0.0239109 -0.228244
0.0441711 -0.260904
0.0629396 -0.27789
0.0901547 -0.278589
0.113963 -0.267675
0.145622 -0.2444
0.17225 -0.213054
0.205967 -0.17282
0.233345 -0.127618
0.266877 -0.0766166
0.293102 -0.0233571
0.324392 0.0329567
0.347765 0.0891826
0.374991 0.146044
0.394059 0.200826
0.415682 0.254148
0.429278 0.303751
0.444095 0.350127
0.451373 0.391499
0.458547 0.428218
0.459006 0.459006
0.458095 0.484065
0.451593 0.502628
0.442559 0.514744
0.429312 0.520156
0.412514 0.518767
0.393083 0.510811
0.36926 0.496057
0.344521 0.475205
0.314756 0.447905
0.285864 0.415278
0.251535 0.376878
0.219873 0.334191
0.182592 0.286699
0.14971 0.236185
0.111259 0.182087
0.0788077 0.126409
0.0410512 0.0685699
0.0107101 0.0107102
-0.0244836 -0.0477452
-0.0510886 -0.104606
-0.0819425 -0.160419
-0.103321 -0.213036
-0.128247 -0.262956
-0.143135 -0.308161
-0.16084 -0.349091
-0.168299 -0.383941
-0.177899 -0.413088
-0.177426 -0.435017
-0.178581 -0.450044
-0.170237 -0.457009
-0.163299 -0.456177
-0.147867 -0.446793
-0.134068 -0.429092
-0.113242 -0.402758
-0.0949208 -0.368017
-0.0715536 -0.325004
-0.0524443 -0.273962
-0.0308555 -0.215465
-0.0164022 -0.149794
-0.00281773 -0.077948
0 0
0 0
0.00182405 -0.099723
0.0104013 -0.183318
0.02223 -0.236947
0.039657 -0.277877
0.0590617 -0.294119
0.0833061 -0.301754
0.108277 -0.289213
0.137238 -0.271556
0.165754 -0.237773
0.197333 -0.201846
0.227397 -0.153489
0.259536 -0.105497
0.289219 -0.0484873
0.319959 0.00607907
0.347459 0.0665082
0.375005 0.122822
0.398705 0.182094
0.421486 0.235974
0.440018 0.290173
0.456746 0.338089
0.469036 0.383975
0.478754 0.423065
0.484065 0.458095
0.486181 0.486181
0.484139 0.508533
0.478449 0.52414
0.469053 0.532721
0.455741 0.535082
0.439363 0.529533
0.418994 0.518583
0.39636 0.499261
0.369851 0.475613
0.342008 0.44356
0.310591 0.408468
0.278861 0.365356
0.244028 0.320654
0.209952 0.268715
0.17339 0.216741
0.138662 0.158676
0.10218 0.10218
0.0685698 0.0410515
0.0340138 -0.0169168
0.00328499 -0.0778064
-0.0275509 -0.134017
-0.0537349 -0.191259
-0.079209 -0.242435
-0.0993826 -0.292657
-0.118113 -0.335614
-0.131118 -0.375624
-0.142103 -0.407411
-0.147213 -0.434344
-0.149963 -0.452382
-0.147025 -0.463837
-0.141726 -0.466045
-0.131324 -0.460208
-0.119021 -0.445119
-0.102687 -0.420863
-0.0855111 -0.387702
-0.0659708 -0.344652
-0.0474329 -0.293381
-0.0289144 -0.231927
-0.0142158 -0.163235
-0.00275008 -0.08445
0 0
0 0
0.00151366 -0.111943
0.0102589 -0.195349
0.0197483 -0.257534
0.0372085 -0.297881
0.0537564 -0.321545
0.0782652 -0.327892
0.100407 -0.321589
0.130143 -0.301917
0.156252 -0.273118
0.189264 -0.23446
0.217616 -0.189783
0.251887 -0.138399
0.280723 -0.0837409
0.314253 -0.0252117
0.341851 0.034176
0.372739 0.0948964
0.397493 0.15438
0.424015 0.212956
0.444501 0.268521
0.465187 0.321245
0.480225 0.369514
0.493918 0.413334
0.502628 0.451593
0.508533 0.484139
0.510366 0.510366
0.508081 0.529975
0.502847 0.542859
0.492377 0.548592
0.480249 0.547542
0.462008 0.539181
0.443515 0.524321
0.418302 0.502359
0.394306 0.474502
0.363273 0.440105
0.334932 0.400709
0.299535 0.355662
0.268254 0.306769
0.230185 0.253404
0.197558 0.197559
0.158676 0.138662
0.126409 0.078808
0.0886505 0.0175127
0.0584854 -0.0431164
0.0237687 -0.103453
-0.00260925 -0.161462
-0.0324879 -0.217389
-0.0535493 -0.269354
-0.0770337 -0.317463
-0.0915163 -0.360069
-0.107419 -0.397133
-0.114454 -0.427307
-0.1221 -0.45041
-0.121358 -0.465449
-0.120755 -0.472106
-0.112614 -0.46978
-0.104645 -0.45803
-0.0903989 -0.436666
-0.0770559 -0.405134
-0.0591613 -0.363652
-0.0438345 -0.311564
-0.0262143 -0.249465
-0.0139916 -0.176593
-0.00245046 -0.0939179
0 0
0 0
0.00136085 -0.109181
0.00799708 -0.201747
0.0173836 -0.263595
0.0317301 -0.312031
0.0481467 -0.335039
0.0692496 -0.348525
0.0916211 -0.341119
0.118147 -0.327502
0.145091 -0.297093
0.175442 -0.263292
0.205355 -0.216479
0.237756 -0.168671
0.268898 -0.111374
0.301496 -0.055102
0.332089 0.00736434
0.363047 0.0671412
0.391364 0.130048
0.418953 0.18894
0.443409 0.248148
0.466096 0.30235
0.485322 0.354339
0.501836 0.400658
0.514745 0.442559
0.52414 0.478449
0.529975 0.508081
0.531674 0.531674
0.530043 0.547572
0.523855 0.557702
0.514751 0.559134
0.500887 0.555346
0.484682 0.542313
0.463742 0.524858
0.441178 0.498075
0.414126 0.467883
0.386278 0.42874
0.354403 0.387379
0.322637 0.337883
0.287491 0.287491
0.253404 0.230186
0.216741 0.17339
0.182087 0.111259
0.145776 0.0510761
0.112385 -0.0125682
0.0783211 -0.0728457
0.0480015 -0.134486
0.0180003 -0.191412
-0.00756405 -0.247458
-0.0318824 -0.29756
-0.0512533 -0.34448
-0.0685929 -0.384387
-0.0807115 -0.418837
-0.0902478 -0.445399
-0.0945881 -0.464337
-0.0961351 -0.474729
-0.0928819 -0.475509
-0.0870882 -0.467311
-0.0773466 -0.447742
-0.0659245 -0.418978
-0.0519694 -0.377341
-0.0379782 -0.326466
-0.0235528 -0.261467
-0.0116959 -0.187297
-0.00229937 -0.0978861
0 0
0 0
0.00102215 -0.120084
0.0073567 -0.211405
0.0143547 -0.281167
0.0280042 -0.328686
0.0413249 -0.358971
0.0617644 -0.371376
0.0809463 -0.370399
0.107165 -0.355366
0.131283 -0.330333
0.161875 -0.294674
0.189651 -0.252025
0.222935 -0.201866
0.252846 -0.147417
0.286974 -0.0883024
0.317365 -0.0273175
0.350445 0.0357409
0.379628 0.0985229
0.409828 0.161045
0.43619 0.22142
0.461837 0.279476
0.483917 0.333807
0.503581 0.384059
0.520156 0.429312
0.532721 0.469053
0.542859 0.502847
0.547572 0.530043
0.550681 0.550681
0.547188 0.564006
0.543042 0.570503
0.531405 0.569353
0.520155 0.561448
0.500849 0.545944
0.48302 0.52409
0.45691 0.495059
0.433376 0.460395
0.401684 0.419331
0.373634 0.373635
0.337883 0.322637
0.306769 0.268255
0.268715 0.209952
0.236185 0.149711
0.197737 0.0871618
0.165558 0.0242681
0.128682 -0.0391477
0.0986481 -0.101223
0.0652597 -0.161925
0.039088 -0.219568
0.010931 -0.2739
-0.00985543 -0.323478
-0.0313431 -0.367827
-0.0455509 -0.405807
-0.0593892 -0.43672
-0.0663078 -0.45977
-0.0721474 -0.474043
-0.0717265 -0.479113
-0.0700463 -0.473859
-0.0631031 -0.458227
-0.0554399 -0.430893
-0.0439028 -0.392159
-0.0331269 -0.340492
-0.0203256 -0.276507
-0.0109238 -0.198439
-0.00196862 -0.107227
0 0
0 0
0.000805552 -0.115886
0.00507635 -0.215204
0.0114212 -0.284026
0.0218205 -0.339108
0.0342584 -0.368778
0.0510073 -0.388245
0.0694933 -0.386687
0.0921239 -0.377929
0.11601 -0.352151
0.143523 -0.321741
0.17169 -0.278049
0.202689 -0.231936
0.233679 -0.176067
0.266506 -0.11968
0.29865 -0.0568748
0.331513 0.00482983
0.363054 0.0698102
0.394145 0.132343
0.423355 0.195234
0.450959 0.254597
0.476232 0.311671
0.498822 0.364404
0.518767 0.412514
0.535083 0.455741
0.548592 0.492377
0.557702 0.523855
0.564006 0.547188
0.565352 0.565352
0.564058 0.574264
0.557481 0.578251
0.548589 0.572356
0.534339 0.562018
0.518244 0.54166
0.496967 0.517559
0.474445 0.483786
0.447159 0.44716
0.419331 0.401684
0.387379 0.354403
0.355662 0.299535
0.320654 0.244028
0.286699 0.182593
0.250435 0.121766
0.216047 0.0570036
0.18043 -0.00586453
0.147474 -0.0704073
0.114404 -0.131773
0.0847004 -0.192362
0.0559592 -0.248531
0.0311576 -0.301362
0.00827495 -0.348605
-0.0102811 -0.389913
-0.0261776 -0.424561
-0.0376093 -0.450714
-0.0459636 -0.469245
-0.0500363 -0.476813
-0.0510591 -0.475901
-0.0483889 -0.461679
-0.0432801 -0.438198
-0.0355741 -0.399184
-0.0267892 -0.350151
-0.0171242 -0.283446
-0.00865069 -0.205899
-0.00174622 -0.10845
0 0
0 0
0.000455306 -0.12498
0.00396609 -0.221931
0.00799276 -0.297672
0.0170039 -0.351456
0.0262544 -0.387963
0.0414576 -0.406539
0.0565401 -0.411357
0.0778157 -0.401801
0.0985805 -0.381603
0.125157 -0.350258
0.150851 -0.311085
0.181465 -0.263744
0.210885 -0.211146
0.243935 -0.153149
0.275567 -0.0922506
0.309256 -0.0285287
0.341415 0.0359516
0.373883 0.100887
0.404836 0.164657
0.43428 0.226745
0.462353 0.285985
0.487133 0.341667
0.510811 0.393083
0.529533 0.439363
0.547542 0.480249
0.559134 0.514751
0.570503 0.543042
0.574264 0.564058
0.578375 0.578375
0.574007 0.584904
0.570624 0.584581
0.55825 0.576345
0.547529 0.561442
0.527685 0.538886
0.510173 0.510174
0.483785 0.474446
0.460395 0.433376
0.42874 0.386279
0.400708 0.334933
0.365356 0.278862
0.334191 0.219873
0.29693 0.157736
0.264336 0.0942075
0.227084 0.0293251
0.194877 -0.035275
0.159579 -0.0992713
0.129582 -0.161217
0.098088 -0.220497
0.0720123 -0.275911
0.0459475 -0.326549
0.025258 -0.371507
0.00586731 -0.409579
-0.00837298 -0.440186
-0.0203921 -0.461838
-0.0276979 -0.474293
-0.0323886 -0.475779
-0.0330536 -0.466384
-0.0314173 -0.444052
-0.0267454 -0.409174
-0.0209961 -0.359393
-0.0135687 -0.295347
-0.00739252 -0.214342
-0.00140396 -0.117281
0 0
0 0
0.000185281 -0.119378
0.00178131 -0.22279
0.00463518 -0.296935
0.010415 -0.357434
0.0180835 -0.393326
0.0294826 -0.418606
0.0429961 -0.423344
0.0604678 -0.420049
0.0799711 -0.399973
0.103181 -0.374091
0.128109 -0.334993
0.156115 -0.292044
0.185364 -0.239296
0.216786 -0.184428
0.248879 -0.123047
0.28205 -0.0610755
0.31528 0.00427665
0.348394 0.0688756
0.380964 0.133913
0.412202 0.197045
0.442341 0.257912
0.469983 0.315921
0.496057 0.36926
0.518583 0.418994
0.539181 0.462009
0.555346 0.500887
0.569353 0.531406
0.57825 0.557481
0.584903 0.574008
0.58601 0.58601
0.584931 0.58776
0.57813 0.585128
0.569349 0.572045
0.554936 0.554937
0.538886 0.527685
0.517558 0.496968
0.495059 0.456911
0.467883 0.414127
0.440105 0.363274
0.408468 0.310592
0.376878 0.251535
0.342426 0.191676
0.308718 0.127506
0.273268 0.0636586
0.239275 -0.00213087
0.204726 -0.0664043
0.172317 -0.130018
0.140529 -0.190882
0.111492 -0.248325
0.0841607 -0.301767
0.0600637 -0.348934
0.0385721 -0.390848
0.0206118 -0.423601
0.00586661 -0.449851
-0.00530675 -0.46406
-0.0130615 -0.470501
-0.0175403 -0.462045
-0.0189314 -0.444504
-0.017773 -0.409211
-0.0145404 -0.363397
-0.0100192 -0.296908
-0.00526425 -0.218244
-0.00112455 -0.115692
0 0
0 0
-0.000158906 -0.126249
0.000252449 -0.226169
0.000977564 -0.305931
0.00475053 -0.364729
0.00929693 -0.406737
0.0183562 -0.4313
0.0284166 -0.442116
0.0435701 -0.438635
0.0598049 -0.424141
0.0809681 -0.398258
0.1032 -0.363881
0.129598 -0.320861
0.157004 -0.271707
0.187353 -0.216521
0.218639 -0.157426
0.25132 -0.0947848
0.284878 -0.03032
0.318086 0.0353492
0.352139 0.10091
0.38402 0.16551
0.416754 0.228252
0.445527 0.288084
0.475205 0.344521
0.499261 0.39636
0.524321 0.443515
0.542313 0.484682
0.561448 0.520156
0.572356 0.548589
0.584581 0.570624
0.58776 0.584932
0.592458 0.592459
0.58767 0.591956
0.584623 0.584623
0.572044 0.569349
0.561441 0.54753
0.54166 0.518245
0.52409 0.48302
0.498075 0.441178
0.474502 0.394306
0.44356 0.342009
0.415278 0.285865
0.380995 0.225796
0.349566 0.163304
0.313721 0.0986492
0.280897 0.0331941
0.245374 -0.0324471
0.212998 -0.0971094
0.179672 -0.159819
0.149569 -0.219654
0.120177 -0.275282
0.0940167 -0.326061
0.0700181 -0.370305
0.0491726 -0.407669
0.0315856 -0.436122
0.0169578 -0.455617
0.00618149 -0.463783
-0.00198141 -0.460854
-0.00636565 -0.444111
-0.00868362 -0.414028
-0.00813874 -0.367521
-0.00633646 -0.305237
-0.00359951 -0.223672
-0.000789575 -0.123686
0 0
0 0
-0.000469185 -0.119355
-0.00172486 -0.223897
-0.00263559 -0.301395
-0.00191586 -0.365771
0.000436496 -0.407135
0.00576155 -0.437777
0.0134744 -0.448977
0.0247884 -0.451506
0.0388168 -0.437967
0.0564838 -0.417563
0.0768549 -0.384359
0.100438 -0.345925
0.126462 -0.297891
0.154922 -0.246137
0.185379 -0.187914
0.217252 -0.12738
0.250563 -0.0634119
0.284125 0.00155843
0.318502 0.0670711
0.351908 0.132383
0.385497 0.19555
0.416912 0.257434
0.447906 0.314756
0.475613 0.369851
0.502359 0.418303
0.524858 0.463743
0.545944 0.500849
0.562018 0.534339
0.576345 0.55825
0.585128 0.57813
0.591955 0.58767
0.592969 0.592969
0.591955 0.58767
0.585128 0.578131
0.576345 0.55825
0.562018 0.534339
0.545944 0.50085
0.524857 0.463743
0.502359 0.418303
0.475613 0.369852
0.447906 0.314757
0.416912 0.257435
0.385497 0.195551
0.351908 0.132384
0.318502 0.067072
0.284125 0.00155931
0.250563 -0.063411
0.217252 -0.127379
0.185379 -0.187913
0.154922 -0.246136
0.126462 -0.29789
0.100438 -0.345924
0.0768549 -0.384359
0.0564838 -0.417563
0.0388168 -0.437967
0.0247883 -0.451505
0.0134743 -0.448976
0.00576151 -0.437776
0.000436459 -0.407134
-0.00191589 -0.365771
-0.00263561 -0.301395
-0.00172488 -0.223897
-0.000469196 -0.119355
0 0
0 0
-0.000789579 -0.123686
-0.00359952 -0.223672
-0.00633647 -0.305237
-0.00813876 -0.367521
-0.00868364 -0.414029
-0.00636568 -0.444112
-0.00198145 -0.460855
0.00618145 -0.463784
0.0169577 -0.455618
0.0315855 -0.436122
0.0491725 -0.40767
0.070018 -0.370306
0.0940167 -0.326062
0.120177 -0.275283
0.149569 -0.219655
0.179672 -0.15982
0.212998 -0.0971103
0.245374 -0.032448
0.280897 0.0331933
0.313721 0.0986484
0.349566 0.163303
0.380995 0.225795
0.415278 0.285865
0.44356 0.342008
0.474502 0.394306
0.498075 0.441178
0.52409 0.48302
0.54166 0.518244
0.561441 0.547529
0.572044 0.569349
0.584623 0.584623
0.58767 0.591956
0.592458 0.592459
0.58776 0.584932
0.584581 0.570624
0.572356 0.548589
0.561448 0.520156
0.542313 0.484683
0.524321 0.443515
0.499261 0.396361
0.475205 0.344522
0.445527 0.288085
0.416754 0.228252
0.38402 0.165511
0.352138 0.100911
0.318086 0.03535
0.284877 -0.0303191
0.25132 -0.0947839
0.218639 -0.157425
0.187353 -0.216521
0.157004 -0.271706
0.129597 -0.32086
0.1032 -0.363881
0.080968 -0.398257
0.0598047 -0.42414
0.04357 -0.438634
0.0284164 -0.442116
0.0183561 -0.431299
0.00929683 -0.406736
0.00475044 -0.364728
0.000977492 -0.30593
0.000252399 -0.226168
-0.000158932 -0.126249
0 0
0 0
-0.00112457 -0.115692
-0.00526429 -0.218244
-0.0100193 -0.296909
-0.0145405 -0.363397
-0.0177731 -0.409212
-0.0189315 -0.444505
-0.0175404 -0.462045
-0.0130616 -0.470502
-0.00530689 -0.464061
0.00586647 -0.449852
0.0206117 -0.423602
0.0385719 -0.390849
0.0600636 -0.348935
0.0841606 -0.301768
0.111492 -0.248326
0.140529 -0.190883
0.172317 -0.130019
0.204726 -0.0664051
0.239275 -0.0021317
0.273268 0.0636578
0.308718 0.127505
0.342426 0.191675
0.376878 0.251535
0.408468 0.310591
0.440105 0.363274
0.467883 0.414127
0.495059 0.45691
0.517559 0.496968
0.538886 0.527685
0.554937 0.554937
0.569349 0.572045
0.57813 0.585128
0.584931 0.58776
0.58601 0.58601
0.584904 0.574008
0.578251 0.557481
0.569353 0.531406
0.555346 0.500888
0.539181 0.462009
0.518583 0.418994
0.496057 0.369261
0.469983 0.315922
0.442341 0.257913
0.412201 0.197045
0.380964 0.133913
0.348394 0.0688764
0.31528 0.00427749
0.28205 -0.0610747
0.248879 -0.123046
0.216786 -0.184428
0.185364 -0.239296
0.156115 -0.292043
0.128108 -0.334992
0.103181 -0.374091
0.0799709 -0.399972
0.0604676 -0.420048
0.042996 -0.423344
0.0294825 -0.418606
0.0180834 -0.393325
0.0104149 -0.357433
0.00463507 -0.296935
0.00178123 -0.22279
0.000185241 -0.119378
0 0
0 0
-0.00140399 -0.117281
-0.00739259 -0.214342
-0.0135688 -0.295347
-0.0209962 -0.359394
-0.0267455 -0.409174
-0.0314175 -0.444053
-0.0330538 -0.466385
-0.0323888 -0.475779
-0.0276981 -0.474294
-0.0203923 -0.461839
-0.00837319 -0.440187
0.0058671 -0.409579
0.0252578 -0.371508
0.0459473 -0.32655
0.0720122 -0.275912
0.0980879 -0.220497
0.129581 -0.161218
0.159579 -0.0992721
0.194877 -0.0352758
0.227084 0.0293244
0.264336 0.0942068
0.29693 0.157735
0.334191 0.219873
0.365356 0.278861
0.400709 0.334932
0.42874 0.386278
0.460395 0.433376
0.483786 0.474445
0.510174 0.510174
0.527685 0.538886
0.547529 0.561441
0.55825 0.576345
0.570624 0.584581
0.574008 0.584904
0.578375 0.578375
0.574264 0.564058
0.570503 0.543042
0.559134 0.514752
0.547542 0.48025
0.529533 0.439364
0.510811 0.393084
0.487133 0.341668
0.462353 0.285986
0.43428 0.226746
0.404836 0.164658
0.373883 0.100888
0.341415 0.0359524
0.309255 -0.028528
0.275567 -0.0922498
0.243934 -0.153149
0.210884 -0.211145
0.181465 -0.263743
0.150851 -0.311085
0.125157 -0.350257
0.0985802 -0.381602
0.0778154 -0.4018
0.0565398 -0.411357
0.0414573 -0.406538
0.0262541 -0.387962
0.0170037 -0.351456
0.00799261 -0.297672
0.00396599 -0.221931
0.000455254 -0.12498
0 0
0 0
-0.00174627 -0.10845
-0.00865078 -0.205899
-0.0171243 -0.283446
-0.0267894 -0.350151
-0.0355743 -0.399184
-0.0432803 -0.438198
-0.0483892 -0.46168
-0.0510594 -0.475902
-0.0500366 -0.476814
-0.0459639 -0.469246
-0.0376096 -0.450715
-0.0261778 -0.424561
-0.0102814 -0.389913
0.00827471 -0.348606
0.0311574 -0.301363
0.055959 -0.248532
0.0847002 -0.192363
0.114404 -0.131774
0.147474 -0.070408
0.18043 -0.00586519
0.216047 0.057003
0.250435 0.121765
0.286699 0.182592
0.320654 0.244028
0.355662 0.299535
0.387379 0.354403
0.419331 0.401684
0.44716 0.44716
0.474446 0.483785
0.496968 0.517559
0.518245 0.54166
0.534339 0.562018
0.548589 0.572356
0.557481 0.578251
0.564058 0.574264
0.565352 0.565352
0.564006 0.547189
0.557702 0.523856
0.548592 0.492378
0.535083 0.455741
0.518767 0.412515
0.498822 0.364405
0.476232 0.311672
0.450959 0.254598
0.423355 0.195235
0.394145 0.132343
0.363054 0.0698109
0.331512 0.00483053
0.298649 -0.0568741
0.266505 -0.119679
0.233678 -0.176066
0.202689 -0.231935
0.17169 -0.278048
0.143522 -0.321741
0.11601 -0.35215
0.0921236 -0.377928
0.069493 -0.386687
0.051007 -0.388245
0.0342582 -0.368778
0.0218203 -0.339108
0.011421 -0.284025
0.00507623 -0.215204
0.00080549 -0.115886
0 0
0 0
-0.00196868 -0.107227
-0.0109239 -0.198439
-0.0203258 -0.276508
-0.0331272 -0.340492
-0.0439031 -0.392159
-0.0554402 -0.430893
-0.0631035 -0.458228
-0.0700467 -0.473859
-0.0717269 -0.479114
-0.0721477 -0.474044
-0.0663082 -0.45977
-0.0593896 -0.436721
-0.0455512 -0.405808
-0.0313434 -0.367828
-0.00985571 -0.323479
0.0109307 -0.2739
0.0390878 -0.219569
0.0652595 -0.161926
0.098648 -0.101223
0.128682 -0.0391483
0.165558 0.0242676
0.197737 0.0871613
0.236185 0.14971
0.268715 0.209952
0.306769 0.268254
0.337883 0.322637
0.373635 0.373634
0.401684 0.419331
0.433376 0.460395
0.45691 0.495059
0.48302 0.52409
0.50085 0.545944
0.520156 0.561448
0.531406 0.569353
0.543042 0.570503
0.547189 0.564006
0.550681 0.550681
0.547572 0.530044
0.542859 0.502847
0.532721 0.469053
0.520156 0.429313
0.503581 0.384059
0.483917 0.333807
0.461836 0.279477
0.436189 0.221421
0.409828 0.161045
0.379628 0.0985235
0.350444 0.0357415
0.317364 -0.0273169
0.286974 -0.0883018
0.252846 -0.147416
0.222934 -0.201865
0.189651 -0.252025
0.161875 -0.294673
0.131282 -0.330333
0.107164 -0.355365
0.0809459 -0.370398
0.061764 -0.371375
0.0413246 -0.35897
0.0280039 -0.328685
0.0143545 -0.281167
0.00735657 -0.211405
0.00102208 -0.120084
0 0
0 0
-0.00229945 -0.0978861
-0.011696 -0.187297
-0.023553 -0.261467
-0.0379784 -0.326466
-0.0519698 -0.377342
-0.0659249 -0.418978
-0.077347 -0.447742
-0.0870886 -0.467311
-0.0928823 -0.475509
-0.0961356 -0.47473
-0.0945886 -0.464338
-0.0902483 -0.445399
-0.0807119 -0.418838
-0.0685933 -0.384387
-0.0512536 -0.344481
-0.0318827 -0.29756
-0.0075643 -0.247459
0.0180001 -0.191412
0.0480014 -0.134487
0.078321 -0.0728462
0.112385 -0.0125687
0.145776 0.0510757
0.182087 0.111259
0.216741 0.17339
0.253404 0.230185
0.287491 0.287491
0.322637 0.337883
0.354403 0.387379
0.386279 0.42874
0.414127 0.467883
0.441178 0.498075
0.463743 0.524857
0.484683 0.542313
0.500887 0.555346
0.514751 0.559134
0.523856 0.557702
0.530044 0.547572
0.531674 0.531674
0.529976 0.508081
0.524141 0.478449
0.514745 0.442559
0.501836 0.400658
0.485322 0.354339
0.466096 0.30235
0.443409 0.248149
0.418953 0.18894
0.391363 0.130048
0.363046 0.0671417
0.332088 0.00736487
0.301496 -0.0551014
0.268897 -0.111374
0.237756 -0.16867
0.205354 -0.216478
0.175442 -0.263291
0.145091 -0.297093
0.118147 -0.327501
0.0916207 -0.341119
0.0692492 -0.348525
0.0481463 -0.335039
0.0317298 -0.312031
0.0173834 -0.263595
0.00799693 -0.201746
0.00136077 -0.109181
0 0
0 0
-0.00245054 -0.093918
-0.0139918 -0.176593
-0.0262146 -0.249466
-0.0438348 -0.311564
-0.0591616 -0.363652
-0.0770563 -0.405134
-0.0903994 -0.436666
-0.104645 -0.45803
-0.112614 -0.469781
-0.120755 -0.472106
-0.121358 -0.46545
-0.122101 -0.450411
-0.114454 -0.427308
-0.107419 -0.397133
-0.0915167 -0.36007
-0.0770341 -0.317463
-0.0535496 -0.269354
-0.0324882 -0.217389
-0.00260942 -0.161463
0.0237687 -0.103453
0.0584854 -0.0431168
0.0886506 0.0175123
0.126409 0.0788077
0.158676 0.138662
0.197559 0.197558
0.230186 0.253404
0.268255 0.306769
0.299535 0.355662
0.334932 0.400708
0.363274 0.440105
0.394306 0.474502
0.418303 0.502359
0.443515 0.524321
0.462009 0.539181
0.48025 0.547542
0.492378 0.548592
0.502847 0.542859
0.508081 0.529976
0.510366 0.510366
0.508533 0.484139
0.502628 0.451593
0.493918 0.413334
0.480225 0.369514
0.465187 0.321245
0.4445 0.268521
0.424015 0.212956
0.397493 0.154381
0.372739 0.0948968
0.341851 0.0341764
0.314252 -0.0252113
0.280722 -0.0837404
0.251886 -0.138398
0.217615 -0.189783
0.189263 -0.23446
0.156252 -0.273117
0.130143 -0.301916
0.100407 -0.321588
0.0782647 -0.327892
0.053756 -0.321544
0.0372082 -0.297881
0.0197481 -0.257534
0.0102588 -0.195349
0.00151357 -0.111943
0 0
0 0
-0.00275018 -0.0844501
-0.014216 -0.163235
-0.0289147 -0.231927
-0.0474333 -0.293381
-0.0659712 -0.344652
-0.0855116 -0.387702
-0.102688 -0.420863
-0.119021 -0.445119
-0.131325 -0.460208
-0.141726 -0.466046
-0.147025 -0.463837
-0.149964 -0.452382
-0.147214 -0.434345
-0.142103 -0.407412
-0.131119 -0.375624
-0.118113 -0.335614
-0.099383 -0.292657
-0.0792093 -0.242435
-0.0537351 -0.191259
-0.027551 -0.134017
0.00328497 -0.0778067
0.0340139 -0.0169171
0.0685699 0.0410512
0.10218 0.10218
0.138662 0.158676
0.17339 0.216741
0.209952 0.268715
0.244028 0.320654
0.278861 0.365356
0.310592 0.408468
0.342009 0.44356
0.369852 0.475613
0.396361 0.499261
0.418994 0.518583
0.439364 0.529533
0.455741 0.535083
0.469053 0.532721
0.478449 0.52414
0.484139 0.508533
0.486182 0.486182
0.484065 0.458095
0.478754 0.423065
0.469036 0.383975
0.456746 0.338089
0.440018 0.290173
0.421486 0.235974
0.398705 0.182094
0.375004 0.122822
0.347458 0.0665086
0.319958 0.00607941
0.289218 -0.0484869
0.259535 -0.105497
0.227396 -0.153489
0.197332 -0.201846
0.165754 -0.237772
0.137238 -0.271556
0.108277 -0.289212
0.0833056 -0.301754
0.0590613 -0.294119
0.0396566 -0.277877
0.0222297 -0.236946
0.0104011 -0.183317
0.00182396 -0.099723
0 0
0 0
-0.00281783 -0.077948
-0.0164024 -0.149794
-0.0308558 -0.215465
-0.0524447 -0.273962
-0.071554 -0.325004
-0.0949213 -0.368017
-0.113243 -0.402758
-0.134069 -0.429092
-0.147867 -0.446793
-0.1633 -0.456177
-0.170238 -0.457009
-0.178582 -0.450044
-0.177427 -0.435018
-0.1779 -0.413088
-0.168299 -0.383941
-0.16084 -0.349091
-0.143135 -0.308161
-0.128247 -0.262957
-0.103321 -0.213037
-0.0819426 -0.16042
-0.0510886 -0.104607
-0.0244836 -0.0477454
0.0107102 0.01071
0.0410515 0.0685697
0.0788081 0.126409
0.111259 0.182087
0.149711 0.236185
0.182593 0.286698
0.219873 0.334191
0.251535 0.376878
0.285865 0.415278
0.314757 0.447905
0.344522 0.475205
0.369261 0.496057
0.393084 0.510811
0.412515 0.518767
0.429313 0.520156
0.442559 0.514745
0.451593 0.502628
0.458095 0.484065
0.459006 0.459006
0.458547 0.428218
0.451373 0.391499
0.444095 0.350127
0.429278 0.303751
0.415682 0.254149
0.394058 0.200826
0.37499 0.146045
0.347765 0.0891828
0.324392 0.0329569
0.293102 -0.0233569
0.266876 -0.0766164
0.233344 -0.127618
0.205966 -0.17282
0.17225 -0.213054
0.145621 -0.2444
0.113962 -0.267674
0.0901542 -0.278589
0.0629392 -0.27789
0.0441708 -0.260904
0.0239107 -0.228244
0.0125333 -0.174791
0.00190576 -0.101099
0 0
0 0
-0.00306652 -0.0687761
-0.0160369 -0.134859
-0.0328395 -0.19626
-0.0545135 -0.252522
-0.0766366 -0.302755
-0.100746 -0.345961
-0.122753 -0.382443
-0.144803 -0.410509
-0.162921 -0.431771
-0.179886 -0.44373
-0.191682 -0.44935
-0.201695 -0.445269
-0.205793 -0.435768
-0.207905 -0.416624
-0.203767 -0.393328
-0.197756 -0.360865
-0.185513 -0.325762
-0.171741 -0.282334
-0.152053 -0.237919
-0.131337 -0.186329
-0.105278 -0.135447
-0.0787897 -0.0787898
-0.0477452 -0.0244837
-0.0169168 0.0340138
0.0175127 0.0886504
0.0510761 0.145776
0.0871618 0.197737
0.121766 0.250435
0.157736 0.29693
0.191676 0.342425
0.225796 0.380994
0.257434 0.416912
0.288085 0.445526
0.315921 0.469983
0.341668 0.487133
0.364404 0.498822
0.384059 0.503581
0.400658 0.501836
0.413334 0.493918
0.423065 0.478754
0.428218 0.458547
0.430693 0.430693
0.428149 0.399279
0.423348 0.360189
0.413323 0.319354
0.4016 0.271211
0.384699 0.223443
0.366787 0.169146
0.343993 0.117629
0.320983 0.0607888
0.293639 0.00939836
0.266961 -0.0456769
0.236738 -0.092371
0.20813 -0.140668
0.176993 -0.177384
0.148473 -0.213162
0.118653 -0.233858
0.092498 -0.250593
0.0664757 -0.248387
0.0452196 -0.238667
0.0257265 -0.205687
0.0121735 -0.161058
0.00217272 -0.0881067
0 0
0 0
-0.00304118 -0.0600965
-0.0179771 -0.119375
-0.0338977 -0.17622
-0.0583307 -0.229612
-0.0801784 -0.278222
-0.107779 -0.321503
-0.130039 -0.358325
-0.156326 -0.388634
-0.175124 -0.411448
-0.197009 -0.4272
-0.209799 -0.435012
-0.225282 -0.435772
-0.230557 -0.428668
-0.238501 -0.414995
-0.23559 -0.393978
-0.235545 -0.367259
-0.224443 -0.334082
-0.216519 -0.296361
-0.197762 -0.253355
-0.182522 -0.207167
-0.157074 -0.157074
-0.135447 -0.105278
-0.104606 -0.0510886
-0.0778064 0.00328488
-0.0431164 0.0584852
-0.0125682 0.112385
0.0242682 0.165558
0.0570036 0.216047
0.0942075 0.264336
0.127506 0.308717
0.163304 0.349566
0.195551 0.385497
0.228252 0.416754
0.257913 0.44234
0.285986 0.462353
0.311672 0.476232
0.333807 0.483917
0.354339 0.485322
0.369514 0.480225
0.383975 0.469036
0.391499 0.451372
0.399279 0.428149
0.398831 0.398831
0.399662 0.364832
0.391318 0.325479
0.385299 0.282672
0.369539 0.235618
0.357147 0.186678
0.334861 0.134966
0.31695 0.0832709
0.28942 0.0306496
0.267221 -0.0197154
0.236105 -0.0687903
0.21121 -0.11303
0.178524 -0.153381
0.152878 -0.185962
0.120973 -0.211653
0.0968751 -0.22625
0.068439 -0.230516
0.0485643 -0.219916
0.0266443 -0.195041
0.0140733 -0.150978
0.00217985 -0.0882229
0 0
0 0
-0.0032196 -0.0516701
-0.017002 -0.103643
-0.0349928 -0.156346
-0.0586389 -0.206067
-0.0831104 -0.253916
-0.110449 -0.296039
-0.136028 -0.334619
-0.162551 -0.36543
-0.185416 -0.391839
-0.207973 -0.409104
-0.225537 -0.421794
-0.242034 -0.424581
-0.252669 -0.423179
-0.261848 -0.411673
-0.264698 -0.396789
-0.265976 -0.372096
-0.260808 -0.34514
-0.254155 -0.3091
-0.241251 -0.272097
-0.2271 -0.227099
-0.207167 -0.182522
-0.186329 -0.131336
-0.160419 -0.0819426
-0.134017 -0.027551
-0.103453 0.0237686
-0.0728457 0.078321
-0.0391477 0.128682
-0.00586448 0.180429
0.0293252 0.227084
0.0636586 0.273268
0.0986493 0.313721
0.132384 0.351908
0.165511 0.384019
0.197045 0.412201
0.226746 0.43428
0.254598 0.450959
0.279477 0.461836
0.30235 0.466096
0.321245 0.465187
0.338089 0.456746
0.350127 0.444095
0.360189 0.423348
0.364832 0.399662
0.367701 0.367701
0.364781 0.334372
0.360419 0.293001
0.350166 0.252114
0.33893 0.203851
0.321983 0.158194
0.304637 0.106272
0.282049 0.0593339
0.25977 0.00769874
0.233008 -0.0363176
0.207384 -0.0830019
0.178323 -0.119165
0.151358 -0.155496
0.122287 -0.178107
0.0964122 -0.197906
0.0700511 -0.200435
0.0481638 -0.196664
0.0277117 -0.171641
0.0132322 -0.136289
0.0023907 -0.0750281
0 0
0 0
-0.00309472 -0.0413109
-0.0185592 -0.0869747
-0.0350311 -0.133875
-0.0609438 -0.180963
-0.0842406 -0.225918
-0.114525 -0.268213
-0.139378 -0.305893
-0.169649 -0.338979
-0.192277 -0.365799
-0.219395 -0.386888
-0.237193 -0.400789
-0.258969 -0.408503
-0.270253 -0.40873
-0.285252 -0.402872
-0.289068 -0.389748
-0.296474 -0.371089
-0.292473 -0.345812
-0.291988 -0.315889
-0.280325 -0.280325
-0.272097 -0.241251
-0.253355 -0.197762
-0.237919 -0.152053
-0.213036 -0.103321
-0.191259 -0.053735
-0.161462 -0.00260939
-0.134486 0.0480014
-0.101223 0.0986479
-0.0704072 0.147474
-0.035275 0.194877
-0.00213082 0.239275
0.0331942 0.280897
0.067072 0.318502
0.100911 0.352138
0.133914 0.380963
0.164658 0.404836
0.195235 0.423355
0.221421 0.436189
0.248149 0.443409
0.268521 0.4445
0.290173 0.440018
0.303751 0.429278
0.319354 0.413323
0.325479 0.391318
0.334372 0.364781
0.332755 0.332755
0.334632 0.297212
0.325384 0.257101
0.320329 0.214819
0.303986 0.169256
0.292504 0.123201
0.270038 0.0755248
0.253077 0.0293662
0.225908 -0.016377
0.204873 -0.0582537
0.174874 -0.0972977
0.151652 -0.129774
0.121165 -0.156604
0.0981558 -0.173789
0.0700227 -0.182093
0.050201 -0.177258
0.0278278 -0.159847
0.0148111 -0.125306
0.00232317 -0.0740798
0 0
0 0
-0.00318485 -0.0340888
-0.0169785 -0.0713433
-0.0350912 -0.114459
-0.05932 -0.156682
-0.0846692 -0.200962
-0.113624 -0.240837
-0.141225 -0.280189
-0.170661 -0.312531
-0.19688 -0.342776
-0.223711 -0.364226
-0.245963 -0.38283
-0.26799 -0.391584
-0.284491 -0.397391
-0.300216 -0.392932
-0.309835 -0.385915
-0.318335 -0.368772
-0.320482 -0.349805
-0.321332 -0.321331
-0.315889 -0.291987
-0.3091 -0.254155
-0.296361 -0.216519
-0.282334 -0.17174
-0.262956 -0.128247
-0.242435 -0.0792091
-0.217389 -0.032488
-0.191412 0.0180002
-0.161925 0.0652595
-0.131773 0.114404
-0.0992712 0.159579
-0.0664042 0.204726
-0.032447 0.245374
0.0015594 0.284124
0.0353501 0.318085
0.0688765 0.348394
0.100888 0.373883
0.132343 0.394145
0.161045 0.409828
0.18894 0.418953
0.212956 0.424015
0.235974 0.421486
0.254149 0.415682
0.271211 0.4016
0.282672 0.385299
0.293 0.360419
0.297212 0.334632
0.30038 0.30038
0.297191 0.266783
0.293167 0.225273
0.282844 0.18622
0.272035 0.140261
0.255296 0.0987972
0.238569 0.0518915
0.216609 0.0117637
0.195325 -0.0318799
0.16984 -0.0662091
0.145887 -0.101666
0.119103 -0.124993
0.0949349 -0.146599
0.0696659 -0.152936
0.0483802 -0.154238
0.0281066 -0.136752
0.0135336 -0.110444
0.00246847 -0.061249
0 0
0 0
-0.00295724 -0.0226818
-0.0180232 -0.0544957
-0.034007 -0.0909302
-0.0598464 -0.130905
-0.0831056 -0.171208
-0.114276 -0.211329
-0.140126 -0.248596
-0.17262 -0.283096
-0.197613 -0.312572
-0.228427 -0.337649
-0.250068 -0.356384
-0.276947 -0.369869
-0.293466 -0.376403
-0.31475 -0.377463
-0.324966 -0.371541
-0.3395 -0.360411
-0.34273 -0.34273
-0.349806 -0.320481
-0.345812 -0.292473
-0.34514 -0.260807
-0.334082 -0.224443
-0.325762 -0.185513
-0.308161 -0.143135
-0.292657 -0.0993827
-0.269354 -0.0535494
-0.247458 -0.00756417
-0.219568 0.0390879
-0.192362 0.0847002
-0.161217 0.129581
-0.130018 0.172317
-0.0971093 0.212998
-0.0634109 0.250563
-0.030319 0.284877
0.0042776 0.31528
0.0359525 0.341415
0.069811 0.363054
0.0985235 0.379628
0.130048 0.391363
0.154381 0.397493
0.182094 0.398705
0.200826 0.394058
0.223442 0.384699
0.235618 0.369539
0.252114 0.350166
0.257101 0.325384
0.266782 0.297191
0.264323 0.264323
0.266883 0.229157
0.257141 0.190406
0.252711 0.150783
0.23631 0.109022
0.225509 0.0681351
0.203566 0.0269223
0.187544 -0.0113477
0.161704 -0.0477642
0.142194 -0.0788356
0.114671 -0.105501
0.0940462 -0.124072
0.0676867 -0.135301
0.0490519 -0.135316
0.0274286 -0.124654
0.0147236 -0.0992443
0.00233046 -0.0594891
0 0
0 0
-0.00294351 -0.0171101
-0.0158671 -0.039947
-0.0329237 -0.0731841
-0.056196 -0.107414
-0.080781 -0.147159
-0.109541 -0.183749
-0.137398 -0.222491
-0.167944 -0.255033
-0.195866 -0.287559
-0.225374 -0.311798
-0.250935 -0.334794
-0.277224 -0.348236
-0.298586 -0.359929
-0.319988 -0.361498
-0.335795 -0.361342
-0.351086 -0.351085
-0.360412 -0.339499
-0.368773 -0.318334
-0.37109 -0.296474
-0.372097 -0.265975
-0.367259 -0.235544
-0.360865 -0.197756
-0.349091 -0.16084
-0.335614 -0.118113
-0.317463 -0.0770338
-0.29756 -0.0318824
-0.2739 0.0109309
-0.248531 0.0559591
-0.220496 0.0980879
-0.190882 0.140529
-0.159819 0.179672
-0.127379 0.217252
-0.0947838 0.25132
-0.0610745 0.28205
-0.0285278 0.309255
0.00483063 0.331512
0.0357416 0.350444
0.0671417 0.363046
0.0948968 0.372739
0.122822 0.375004
0.146045 0.37499
0.169146 0.366787
0.186677 0.357147
0.203851 0.33893
0.214818 0.320329
0.225273 0.293168
0.229157 0.266883
0.232482 0.232482
0.229173 0.200424
0.225397 0.161137
0.215249 0.125867
0.204895 0.0847032
0.188779 0.049447
0.172919 0.0100761
0.152269 -0.0212651
0.13258 -0.0545048
0.109453 -0.077342
0.0882872 -0.0994382
0.0654411 -0.10848
0.0459247 -0.113735
0.0269271 -0.102967
0.0130789 -0.0849832
0.00240493 -0.0475537
0 0
0 0
-0.00261385 -0.00540767
-0.0162867 -0.0240323
-0.0306614 -0.0501525
-0.0547585 -0.0826509
-0.0763659 -0.117579
-0.106474 -0.154448
-0.131556 -0.190022
-0.164319 -0.224449
-0.190003 -0.25503
-0.22274 -0.282462
-0.246794 -0.30445
-0.277303 -0.322147
-0.297972 -0.333565
-0.324441 -0.34022
-0.34037 -0.34037
-0.361343 -0.335795
-0.371541 -0.324966
-0.385915 -0.309834
-0.389749 -0.289067
-0.396789 -0.264698
-0.393978 -0.235589
-0.393328 -0.203766
-0.383941 -0.168299
-0.375624 -0.131119
-0.360069 -0.0915163
-0.34448 -0.0512533
-0.323478 -0.00985549
-0.301362 0.0311576
-0.275911 0.0720122
-0.248325 0.111492
-0.219654 0.149568
-0.187913 0.185379
-0.157425 0.218639
-0.123046 0.248878
-0.0922497 0.275566
-0.056874 0.298649
-0.0273168 0.317364
0.0073649 0.332088
0.0341764 0.341851
0.0665085 0.347458
0.0891827 0.347765
0.117629 0.343993
0.134965 0.334861
0.158194 0.321983
0.169256 0.303986
0.18622 0.282845
0.190406 0.257141
0.200424 0.229173
0.197527 0.197527
0.200356 0.164781
0.19063 0.129577
0.186536 0.094729
0.17075 0.0589804
0.160576 0.0253419
0.140073 -0.00729974
0.125311 -0.0357758
0.102073 -0.0610198
0.0849497 -0.0797369
0.0616821 -0.0926544
0.0452652 -0.0963749
0.0255137 -0.0914045
0.0138383 -0.0742482
0.00220424 -0.0452768
0 0
0 0
-0.00248482 -0.00189279
-0.0136157 -0.0115886
-0.0283818 -0.0353052
-0.0490899 -0.0615526
-0.0711874 -0.0960557
-0.0978475 -0.128487
-0.12408 -0.165221
-0.153805 -0.196563
-0.181618 -0.229614
-0.21202 -0.255018
-0.239294 -0.280568
-0.268326 -0.297092
-0.293257 -0.312965
-0.319155 -0.319155
-0.34022 -0.324441
-0.361498 -0.319987
-0.377463 -0.31475
-0.392933 -0.300215
-0.402872 -0.285252
-0.411673 -0.261848
-0.414995 -0.2385
-0.416624 -0.207904
-0.413088 -0.177899
-0.407411 -0.142103
-0.397133 -0.107419
-0.384387 -0.0685929
-0.367827 -0.0313431
-0.348605 0.00827491
-0.326549 0.0459474
-0.301767 0.0841606
-0.275282 0.120177
-0.246136 0.154922
-0.21652 0.187353
-0.184427 0.216786
-0.153149 0.243934
-0.119679 0.266505
-0.0883017 0.286974
-0.0551014 0.301496
-0.0252113 0.314252
0.00607933 0.319958
0.0329568 0.324392
0.0607886 0.320983
0.0832707 0.31695
0.106272 0.304637
0.1232 0.292505
0.14026 0.272035
0.150783 0.252711
0.161137 0.225397
0.164781 0.200356
0.16809 0.16809
0.164841 0.139397
0.161265 0.104662
0.151634 0.074983
0.141911 0.040859
0.127012 0.0134717
0.112533 -0.016366
0.0941558 -0.037572
0.0770552 -0.0588617
0.0577648 -0.0693962
0.0410353 -0.0773119
0.0242952 -0.0721091
0.0119186 -0.0613041
0.00220753 -0.0347001
0 0
0 0
-0.00205917 0.00925328
-0.0133292 0.00222318
-0.0249532 -0.0144312
-0.045628 -0.039556
-0.0639424 -0.0686893
-0.0910202 -0.10137
-0.113517 -0.134
-0.144542 -0.166789
-0.169133 -0.196774
-0.201905 -0.224712
-0.226758 -0.248106
-0.259229 -0.268149
-0.282693 -0.282692
-0.312966 -0.293256
-0.333566 -0.297972
-0.35993 -0.298585
-0.376404 -0.293466
-0.397391 -0.284491
-0.40873 -0.270252
-0.423179 -0.252669
-0.428668 -0.230557
-0.435768 -0.205792
-0.435017 -0.177426
-0.434344 -0.147213
-0.427307 -0.114454
-0.418837 -0.0807115
-0.405807 -0.0455509
-0.389913 -0.0102811
-0.371507 0.025258
-0.348934 0.0600637
-0.326061 0.0940167
-0.29789 0.126462
-0.271706 0.157004
-0.239295 0.185364
-0.211145 0.210884
-0.176066 0.233678
-0.147416 0.252846
-0.111374 0.268897
-0.0837405 0.280722
-0.048487 0.289218
-0.023357 0.293102
0.00939817 0.293639
0.0306494 0.28942
0.0593337 0.282049
0.0755246 0.270038
0.098797 0.255296
0.109022 0.23631
0.125867 0.215249
0.129577 0.19063
0.139397 0.164841
0.136477 0.136477
0.139182 0.108102
0.130031 0.0784396
0.126124 0.050184
0.111732 0.022229
0.102403 -0.00263914
0.0844317 -0.025327
0.0716516 -0.0429913
0.0525376 -0.0563219
0.0391827 -0.0624514
0.0222596 -0.0618544
0.0122391 -0.0516619
0.00195783 -0.0322208
0 0
0 0
-0.00181039 0.0103828
-0.010242 0.0115654
-0.0215093 -0.00363494
-0.0380954 -0.0224197
-0.0560301 -0.0512404
-0.0787415 -0.0788283
-0.101501 -0.112178
-0.128491 -0.1409
-0.154354 -0.172589
-0.183809 -0.197377
-0.211075 -0.223417
-0.241173 -0.241172
-0.268149 -0.259228
-0.297093 -0.268326
-0.322147 -0.277302
-0.348237 -0.277223
-0.369869 -0.276946
-0.391584 -0.267989
-0.408504 -0.258968
-0.424581 -0.242033
-0.435773 -0.225281
-0.44527 -0.201694
-0.450044 -0.178581
-0.452382 -0.149963
-0.45041 -0.1221
-0.445399 -0.0902478
-0.43672 -0.0593892
-0.42456 -0.0261775
-0.409578 0.00586735
-0.390848 0.0385721
-0.370305 0.0700181
-0.345924 0.100438
-0.32086 0.129597
-0.292043 0.156115
-0.263743 0.181465
-0.231935 0.202689
-0.201865 0.222934
-0.16867 0.237756
-0.138399 0.251886
-0.105497 0.259535
-0.0766165 0.266876
-0.0456771 0.266961
-0.0197157 0.267221
0.0076985 0.25977
0.029366 0.253077
0.0518912 0.238569
0.0681349 0.225509
0.0847031 0.204895
0.0947289 0.186536
0.104662 0.161265
0.108102 0.139182
0.111206 0.111206
0.108208 0.0874961
0.104865 0.0592818
0.0961803 0.0365695
0.0874441 0.011089
0.0745237 -0.00748116
0.062216 -0.0267712
0.0473138 -0.0375671
0.0341478 -0.0467753
0.0204477 -0.0457423
0.0101584 -0.0406368
0.00189576 -0.0233666
0 0
0 0
-0.00130084 0.0200543
-0.0092246 0.0221252
-0.0170298 0.0134254
-0.0327439 -0.0048712
-0.0462446 -0.0280832
-0.0684911 -0.0557935
-0.0866928 -0.0842988
-0.114096 -0.113869
-0.135847 -0.141488
-0.166791 -0.167958
-0.190752 -0.190751
-0.223418 -0.211074
-0.248107 -0.226757
-0.280569 -0.239293
-0.304451 -0.246793
-0.334795 -0.250935
-0.356385 -0.250068
-0.382831 -0.245962
-0.40079 -0.237193
-0.421794 -0.225536
-0.435012 -0.209798
-0.44935 -0.191681
-0.457009 -0.170237
-0.463837 -0.147025
-0.465449 -0.121358
-0.464337 -0.0945881
-0.45977 -0.0663078
-0.450714 -0.0376092
-0.440186 -0.0083729
-0.423601 0.0206119
-0.407669 0.0491726
-0.384358 0.0768549
-0.36388 0.1032
-0.334992 0.128108
-0.311084 0.150851
-0.278048 0.17169
-0.252025 0.189651
-0.216478 0.205354
-0.189783 0.217615
-0.153489 0.227396
-0.127618 0.233344
-0.0923711 0.236738
-0.0687906 0.236105
-0.0363179 0.233008
-0.0163773 0.225908
0.0117635 0.216609
0.0269221 0.203566
0.0494468 0.188779
0.0589803 0.17075
0.074983 0.151634
0.0784397 0.130031
0.0874962 0.108207
0.0849084 0.0849083
0.0871788 0.06247
0.0791563 0.0398214
0.0754871 0.0193298
0.0633135 0.000134188
0.0553422 -0.0154046
0.0410781 -0.02793
0.0313556 -0.0351248
0.0179649 -0.0374279
0.0100703 -0.032608
0.00161085 -0.0209949
0 0
0 0
-0.000940134 0.0186058
-0.00587496 0.0274939
-0.01259 0.0192346
-0.0237234 0.00693863
-0.0360575 -0.0160087
-0.053236 -0.0382659
-0.0709031 -0.06693
-0.0934529 -0.0916592
-0.115664 -0.120073
-0.142422 -0.142421
-0.167958 -0.166791
-0.197378 -0.183808
-0.224713 -0.201904
-0.255018 -0.21202
-0.282463 -0.222739
-0.311799 -0.225373
-0.337649 -0.228426
-0.364227 -0.22371
-0.386889 -0.219394
-0.409104 -0.207972
-0.4272 -0.197008
-0.44373 -0.179885
-0.456177 -0.163299
-0.466046 -0.141725
-0.472106 -0.120755
-0.474729 -0.096135
-0.474043 -0.0721472
-0.469245 -0.0459635
-0.461838 -0.020392
-0.449851 0.00586673
-0.436121 0.0315857
-0.417562 0.0564839
-0.398257 0.0809681
-0.37409 0.103181
-0.350257 0.125157
-0.321741 0.143523
-0.294673 0.161875
-0.263291 0.175442
-0.23446 0.189263
-0.201846 0.197332
-0.17282 0.205966
-0.140668 0.20813
-0.11303 0.21121
-0.0830021 0.207384
-0.058254 0.204873
-0.0318801 0.195325
-0.0113478 0.187544
0.010076 0.172919
0.0253418 0.160576
0.0408589 0.141911
0.050184 0.126124
0.0592819 0.104865
0.0624701 0.0871786
0.0651845 0.0651844
0.0626191 0.0475734
0.0596391 0.0271091
0.0523859 0.0119666
0.0451564 -0.00432578
0.0350688 -0.0142312
0.02591 -0.0233993
0.0157493 -0.0250223
0.00796238 -0.0239384
0.0014953 -0.0140914
0 0
0 0
-0.000374429 0.0258779
-0.00420267 0.0337975
-0.00734268 0.0310037
-0.0169326 0.0186345
-0.0244385 0.00121387
-0.040474 -0.0209148
-0.0529963 -0.0442379
-0.0752436 -0.0690848
-0.0926179 -0.0926174
-0.120074 -0.115664
-0.141488 -0.135846
-0.17259 -0.154354
-0.196774 -0.169133
-0.229614 -0.181618
-0.255031 -0.190002
-0.28756 -0.195866
-0.312573 -0.197613
-0.342777 -0.196879
-0.365799 -0.192276
-0.391839 -0.185415
-0.411448 -0.175124
-0.431771 -0.16292
-0.446793 -0.147867
-0.460208 -0.131324
-0.46978 -0.112614
-0.475509 -0.0928818
-0.479113 -0.0717264
-0.476813 -0.0500361
-0.474293 -0.0276977
-0.46406 -0.0053066
-0.455617 0.0169579
-0.437966 0.0388169
-0.42414 0.0598049
-0.399972 0.0799711
-0.381602 0.0985803
-0.35215 0.11601
-0.330333 0.131282
-0.297093 0.145091
-0.273117 0.156252
-0.237773 0.165754
-0.213054 0.17225
-0.177384 0.176993
-0.153381 0.178524
-0.119165 0.178323
-0.0972979 0.174874
-0.0662093 0.16984
-0.0477644 0.161704
-0.0212653 0.152269
-0.00729984 0.140072
0.0134716 0.127011
0.022229 0.111732
0.0365696 0.0961801
0.0398215 0.0791561
0.0475735 0.062619
0.0455568 0.0455567
0.0472165 0.0299044
0.0408053 0.0148601
0.0376292 0.00230105
0.0284402 -0.00836087
0.0225522 -0.015349
0.0130509 -0.019067
0.00754421 -0.017881
0.00120569 -0.012094
0 0
0 0
6.8044e-05 0.0218877
-0.000835666 0.0346186
-0.0023078 0.0313279
-0.0071591 0.0242097
-0.0129726 0.00711895
-0.0235857 -0.009531
-0.0350279 -0.0323592
-0.0518886 -0.0518882
-0.0690852 -0.0752432
-0.0916597 -0.0934525
-0.11387 -0.114096
-0.1409 -0.12849
-0.16679 -0.144542
-0.196564 -0.153805
-0.22445 -0.164319
-0.255034 -0.167943
-0.283096 -0.172619
-0.312531 -0.17066
-0.338979 -0.169649
-0.365431 -0.16255
-0.388634 -0.156325
-0.410509 -0.144802
-0.429092 -0.134068
-0.445119 -0.11902
-0.45803 -0.104645
-0.467311 -0.0870881
-0.473859 -0.0700462
-0.475901 -0.0510589
-0.475778 -0.0323884
-0.470501 -0.0130613
-0.463783 0.00618168
-0.451505 0.0247885
-0.438634 0.0435702
-0.420048 0.0604678
-0.4018 0.0778156
-0.377928 0.0921237
-0.355365 0.107165
-0.327501 0.118147
-0.301916 0.130143
-0.271556 0.137238
-0.2444 0.145621
-0.213162 0.148473
-0.185962 0.152878
-0.155497 0.151358
-0.129774 0.151652
-0.101667 0.145887
-0.0788357 0.142194
-0.054505 0.13258
-0.0357759 0.125311
-0.016366 0.112533
-0.00263916 0.102402
0.011089 0.0874439
0.0193299 0.075487
0.0271092 0.0596389
0.0299046 0.0472163
0.0320687 0.0320686
0.0300882 0.0208566
0.027678 0.00827101
0.022325 0.000213185
0.0171845 -0.0077492
0.0106879 -0.0105408
0.00556108 -0.0117631
0.00105826 -0.0072107
0 0
0 0
0.000653332 0.0259327
0.00123659 0.0360251
0.00312298 0.0367934
9.39873e-05 0.0292365
-0.000896847 0.0172714
-0.0101083 0.00113205
-0.0161762 -0.0161759
-0.0323595 -0.0350276
-0.0442383 -0.0529959
-0.0669304 -0.0709027
-0.0842993 -0.0866924
-0.112179 -0.101501
-0.134 -0.113516
-0.165221 -0.124079
-0.190023 -0.131555
-0.222492 -0.137397
-0.248596 -0.140125
-0.28019 -0.141225
-0.305893 -0.139377
-0.334619 -0.136027
-0.358325 -0.130039
-0.382443 -0.122753
-0.402758 -0.113242
-0.420863 -0.102687
-0.436666 -0.0903988
-0.447742 -0.0773464
-0.458227 -0.063103
-0.461679 -0.0483888
-0.466384 -0.0330535
-0.462045 -0.0175401
-0.460854 -0.0019812
-0.448976 0.0134746
-0.442115 0.0284167
-0.423344 0.0429962
-0.411357 0.05654
-0.386687 0.0694932
-0.370398 0.080946
-0.341119 0.0916208
-0.321588 0.100407
-0.289212 0.108277
-0.267675 0.113962
-0.233859 0.118653
-0.211654 0.120973
-0.178108 0.122287
-0.156604 0.121165
-0.124993 0.119103
-0.105501 0.114671
-0.0773421 0.109453
-0.0610199 0.102073
-0.0375721 0.0941556
-0.025327 0.0844315
-0.00748115 0.0745236
0.00013424 0.0633133
0.0119667 0.0523857
0.0148602 0.0408051
0.0208568 0.030088
0.0195028 0.0195026
0.0205263 0.0104643
0.0160611 0.00243935
0.0137616 -0.00328463
0.00808238 -0.00706239
0.00493228 -0.00780146
0.000764789 -0.00579078
0 0
0 0
0.00110144 0.0198401
0.00420669 0.032291
0.00793376 0.0319045
0.0092771 0.0284992
0.00998498 0.0170714
0.00603535 0.00603554
0.00113181 -0.0101081
-0.00953128 -0.0235855
-0.0209151 -0.0404737
-0.0382662 -0.0532357
-0.0557939 -0.0684907
-0.0788287 -0.0787411
-0.10137 -0.0910198
-0.128487 -0.097847
-0.154449 -0.106473
-0.183749 -0.10954
-0.211329 -0.114275
-0.240837 -0.113624
-0.268213 -0.114524
-0.296039 -0.110448
-0.321503 -0.107779
-0.345961 -0.100745
-0.368017 -0.0949208
-0.387702 -0.085511
-0.405134 -0.0770558
-0.418978 -0.0659244
-0.430893 -0.0554398
-0.438198 -0.0432799
-0.444052 -0.0314171
-0.444504 -0.0189312
-0.444111 -0.00636543
-0.437776 0.00576174
-0.431299 0.0183563
-0.418606 0.0294827
-0.406538 0.0414575
-0.388245 0.0510072
-0.371375 0.0617642
-0.348524 0.0692493
-0.327892 0.0782648
-0.301754 0.0833057
-0.278589 0.0901542
-0.250593 0.092498
-0.22625 0.096875
-0.197906 0.0964121
-0.173789 0.0981557
-0.146599 0.0949347
-0.124072 0.0940461
-0.0994384 0.0882871
-0.079737 0.0849495
-0.0588618 0.077055
-0.0429914 0.0716515
-0.0267712 0.0622158
-0.0154046 0.055342
-0.0043257 0.0451562
0.00230117 0.0376291
0.00827117 0.0276779
0.0104645 0.0205261
0.0119662 0.011966
0.0106615 0.00640212
0.00904645 0.000505926
0.00589869 -0.00218728
0.00323579 -0.00417708
0.000609275 -0.00278823
0 0
0 0
0.00157439 0.0201782
0.00607108 0.0288968
0.0124337 0.0309831
0.015139 0.027096
0.0200526 0.0200528
0.0170713 0.00998513
0.0172712 -0.000896666
0.00711871 -0.0129724
0.0012136 -0.0244383
-0.016009 -0.0360572
-0.0280836 -0.0462443
-0.0512408 -0.0560298
-0.0686897 -0.063942
-0.0960561 -0.071187
-0.117579 -0.0763655
-0.14716 -0.0807806
-0.171208 -0.0831052
-0.200962 -0.0846687
-0.225918 -0.0842401
-0.253916 -0.0831099
-0.278222 -0.0801779
-0.302755 -0.0766361
-0.325004 -0.0715535
-0.344652 -0.0659707
-0.363652 -0.0591612
-0.377341 -0.0519693
-0.392159 -0.0439027
-0.399184 -0.0355739
-0.409174 -0.0267452
-0.409211 -0.0177728
-0.414028 -0.0086834
-0.407134 0.000436682
-0.406736 0.00929705
-0.393325 0.0180836
-0.387962 0.0262543
-0.368778 0.0342583
-0.35897 0.0413248
-0.335039 0.0481464
-0.321544 0.0537561
-0.294119 0.0590613
-0.27789 0.0629392
-0.248387 0.0664757
-0.230516 0.068439
-0.200435 0.0700511
-0.182094 0.0700226
-0.152937 0.0696658
-0.135301 0.0676866
-0.10848 0.065441
-0.0926545 0.061682
-0.0693963 0.0577647
-0.0563219 0.0525375
-0.0375671 0.0473137
-0.0279299 0.041078
-0.0142311 0.0350686
-0.00836077 0.0284401
0.000213321 0.0223248
0.00243951 0.0160609
0.00640229 0.0106613
0.00565822 0.00565805
0.00615171 0.00190063
0.00370651 -0.000942797
0.0025882 -0.00217161
0.000413765 -0.00198875
0 0
0 0
0.00187059 0.0130873
0.00789926 0.021764
0.0154442 0.0225199
0.0213533 0.0213534
0.0270959 0.0151391
0.0284991 0.00927722
0.0292363 9.4126e-05
0.0242095 -0.00715894
0.0186343 -0.0169324
0.00693837 -0.0237232
-0.00487148 -0.0327437
-0.02242 -0.0380951
-0.0395563 -0.0456277
-0.0615529 -0.0490896
-0.0826512 -0.0547582
-0.107414 -0.0561956
-0.130906 -0.059846
-0.156682 -0.0593196
-0.180963 -0.0609435
-0.206068 -0.0586385
-0.229612 -0.0583303
-0.252522 -0.054513
-0.273962 -0.0524443
-0.293381 -0.0474329
-0.311564 -0.0438345
-0.326466 -0.0379781
-0.340492 -0.0331268
-0.35015 -0.0267891
-0.359393 -0.0209959
-0.363397 -0.0145403
-0.367521 -0.00813855
-0.365771 -0.00191569
-0.364728 0.00475064
-0.357433 0.0104151
-0.351456 0.0170039
-0.339108 0.0218204
-0.328685 0.028004
-0.312031 0.0317299
-0.297881 0.0372083
-0.277877 0.0396567
-0.260904 0.0441708
-0.238667 0.0452196
-0.219916 0.0485642
-0.196664 0.0481637
-0.177258 0.0502009
-0.154238 0.0483801
-0.135316 0.0490518
-0.113735 0.0459246
-0.0963749 0.0452651
-0.0773119 0.0410352
-0.0624515 0.0391826
-0.0467754 0.0341477
-0.0351248 0.0313555
-0.0233993 0.0259098
-0.0153489 0.0225521
-0.00774909 0.0171843
-0.00328449 0.0137614
0.00050608 0.00904628
0.00190078 0.00615154
0.00270864 0.0027085
0.00206199 0.00101472
0.00134968 -0.000562961
0.000295392 -0.00057279
0 0
0 0
0.00217495 0.00998984
0.0083629 0.0151612
0.0168557 0.0168558
0.0225198 0.0154442
0.030983 0.0124338
0.0319044 0.00793384
0.0367933 0.00312308
0.0313278 -0.00230768
0.0310035 -0.00734254
0.0192345 -0.0125898
0.0134252 -0.0170297
-0.00363517 -0.021509
-0.0144315 -0.024953
-0.0353055 -0.0283816
-0.0501528 -0.0306611
-0.0731843 -0.0329234
-0.0909304 -0.0340067
-0.114459 -0.0350909
-0.133875 -0.0350308
-0.156346 -0.0349925
-0.17622 -0.0338974
-0.19626 -0.0328392
-0.215465 -0.0308555
-0.231927 -0.0289144
-0.249465 -0.0262143
-0.261467 -0.0235527
-0.276507 -0.0203255
-0.283446 -0.0171241
-0.295347 -0.0135685
-0.296908 -0.0100191
-0.305237 -0.0063363
-0.301395 -0.00263545
-0.30593 0.000977661
-0.296935 0.00463523
-0.297672 0.00799276
-0.284025 0.0114211
-0.281167 0.0143546
-0.263595 0.0173835
-0.257534 0.0197482
-0.236946 0.0222297
-0.228244 0.0239107
-0.205687 0.0257265
-0.195041 0.0266442
-0.171641 0.0277116
-0.159847 0.0278277
-0.136752 0.0281065
-0.124654 0.0274285
-0.102967 0.026927
-0.0914046 0.0255136
-0.0721092 0.0242951
-0.0618545 0.0222596
-0.0457423 0.0204476
-0.0374278 0.0179648
-0.0250223 0.0157492
-0.0190669 0.0130508
-0.0105407 0.0106878
-0.00706228 0.00808223
-0.00218716 0.00589855
-0.00094267 0.00370637
0.00101484 0.00206186
0.000733887 0.000733786
0.000839851 1.45106e-05
2.48527e-05 -0.000385763
0 0
0 0
0.0018497 0.00452082
0.00768306 0.00768307
0.0151612 0.00836293
0.021764 0.00789929
0.0288967 0.00607112
0.032291 0.00420674
0.0360251 0.00123666
0.0346185 -0.000835587
0.0337974 -0.00420257
0.0274938 -0.00587485
0.0221251 -0.00922448
0.0115653 -0.0102418
0.00222302 -0.013329
-0.0115888 -0.0136155
-0.0240325 -0.0162865
-0.0399471 -0.0158669
-0.0544959 -0.018023
-0.0713435 -0.0169783
-0.0869748 -0.018559
-0.103643 -0.0170017
-0.119375 -0.0179769
-0.134859 -0.0160367
-0.149794 -0.0164022
-0.163235 -0.0142158
-0.176593 -0.0139916
-0.187297 -0.0116959
-0.198439 -0.0109237
-0.205899 -0.00865061
-0.214342 -0.00739243
-0.218244 -0.00526415
-0.223672 -0.0035994
-0.223897 -0.00172476
-0.226168 0.000252519
-0.22279 0.00178135
-0.221931 0.0039661
-0.215204 0.00507632
-0.211405 0.00735665
-0.201746 0.00799699
-0.195349 0.0102588
-0.183318 0.0104011
-0.174791 0.0125333
-0.161058 0.0121735
-0.150978 0.0140733
-0.136289 0.0132321
-0.125306 0.0148111
-0.110444 0.0135336
-0.0992443 0.0147236
-0.0849832 0.0130789
-0.0742482 0.0138382
-0.0613041 0.0119185
-0.0516619 0.012239
-0.0406369 0.0101583
-0.032608 0.0100703
-0.0239384 0.0079623
-0.0178809 0.00754412
-0.011763 0.00556098
-0.00780138 0.00493217
-0.004177 0.00323569
-0.00217152 0.0025881
-0.000562878 0.00134959
1.45817e-05 0.000839778
0.000186931 0.00018688
-1.59988e-05 0.000135164
0 0
0 0
0.000775339 0.000775342
0.00452082 0.00184971
0.00998982 0.00217496
0.0130873 0.00187061
0.0201782 0.00157441
0.01984 0.00110146
0.0259327 0.000653364
0.0218876 6.8083e-05
0.0258778 -0.000374383
0.0186057 -0.00094008
0.0200542 -0.00130077
0.0103827 -0.00181032
0.0092532 -0.00205909
-0.00189287 -0.00248474
-0.00540775 -0.00261376
-0.0171102 -0.00294342
-0.0226819 -0.00295714
-0.0340889 -0.00318475
-0.041311 -0.00309461
-0.0516702 -0.0032195
-0.0600965 -0.00304108
-0.0687761 -0.00306641
-0.077948 -0.00281772
-0.08445 -0.00275007
-0.0939179 -0.00245044
-0.0978861 -0.00229935
-0.107227 -0.00196859
-0.10845 -0.00174618
-0.117281 -0.00140391
-0.115692 -0.0011245
-0.123686 -0.000789517
-0.119355 -0.000469134
-0.126249 -0.00015887
-0.119378 0.000185302
-0.12498 0.000455311
-0.115886 0.00080554
-0.120084 0.00102212
-0.109181 0.0013608
-0.111943 0.00151359
-0.099723 0.00182397
-0.101099 0.00190576
-0.0881067 0.00217271
-0.0882229 0.00217984
-0.0750282 0.00239068
-0.0740798 0.00232314
-0.0612491 0.00246844
-0.0594892 0.00233043
-0.0475537 0.0024049
-0.0452769 0.00220422
-0.0347002 0.0022075
-0.0322208 0.0019578
-0.0233666 0.00189572
-0.0209949 0.00161081
-0.0140914 0.00149526
-0.012094 0.00120564
-0.00721067 0.00105821
-0.00579074 0.000764734
-0.00278818 0.00060922
-0.00198871 0.000413712
-0.000572747 0.000295345
-0.000385726 2.48142e-05
0.000135191 -1.60261e-05
0.000334058 0.000334044
0 0
0 0
0 0
0 0
0 0
0 0
0 0
0 0
0 0
0 0
0 0
0 0
0 0
0 0
0 0
0 0
0 0
0 0
0 0
0 0
0 0
0 0
0 0
0 0
0 0
0 0
0 0
0 0
0 0
0 0
0 0
0 0
0 0
0 0
0 0
0 0
0 0
0 0
0 0
0 0
0 0
0 0
0 0
0 0
0 0
0 0
0 0
0 0
0 0
0 0
0 0
0 0
0 0
0 0
0 0
0 0
0 0
0 0
0 0
0 0
0 0
0 0
0 0
0 0
0 0
0 0
